timestamp,F_0,F_1,F_2,F_3,F_4,F_5,F_6,F_7,F_8,F_9,F_10,F_11,F_12,F_13,F_14,F_15,F_16,F_17,F_18,F_19,F_20,F_21,F_22,F_23,F_24,F_25,F_26,F_27,F_28,F_29,F_30,F_31,F_32,F_33,F_34,F_35,F_36,F_37,F_38,F_39,F_40,F_41
199201,0.819670908920114,12.0,-5.876418738571067,0.2804832697385925,0.0,0.0,0.0,0.0,1.0,12.0,0.0,3.8054998201313e-71,6.284434972601027e-18,-1.741758256292323e-18,-0.08477492950979568,0.24728853614531593,1.0,10.0,2.0,0.0,0.2199365676705025,0.16643730778569082,0.0,0.4160263027956603,0.0,1.4901161193847656e-08,2.8979696949263013e-10,0.0,0.0,0.0,0.0,2.0,0.672028443447825,4.0,0.0,0.4349230458334252,0.34554000885708397,-0.19026906173087688,0.24984693674494116,-0.31872366649573347,0.24290403962361756,0.0
199202,0.791030030846899,12.0,-4.5366951633198465,0.2659948584501978,0.0,0.0,0.0,0.0,1.0,12.0,0.0,6.855506021943421e-69,1.1656179460434609e-16,-6.3259657832782986e-18,0.18902152896647229,0.2885283499156751,1.0,9.0,1.0,0.0,0.11523695712219097,0.8453510283256414,0.0,7.019276747213105,0.0,0.8906551641980524,8.316949144663592e-15,0.0,0.0,0.0,0.0,2.0,0.6991662504320675,4.0,0.0,0.38424677928405404,0.29288864132683656,-0.10157135011847938,0.1699019696517091,-0.6066660106280427,0.7923590575370887,0.0
199203,0.7284021939871979,12.0,-10.285664769934098,0.15614236535070028,0.0,0.0,0.0,0.0,1.0,12.0,0.0,4.473425954163397e-68,2.88537575972563e-16,-1.217342882118832e-18,-0.2083636011228093,0.5024525797287042,1.0,8.0,1.0,0.0,0.32055833717212373,0.8138315918441236,0.0,0.871727149419037,0.0,1.4901434426115652e-08,2.8363150576518577e-10,0.0,0.0,0.0,0.0,1.0,0.6807955926683236,4.0,0.0,0.07291961742811447,0.3068946845663304,-0.20353049704928905,0.5192476397606723,-0.612111667690729,0.8976140642763123,0.0
199204,0.7152169688693971,12.0,-10.172747253458615,0.36249326043288344,0.0,0.0,0.0,0.0,1.0,12.0,0.0,2.5488490878049995e-68,5.2081667105103203e-17,-1.2928364162060671e-17,-0.10869868444624675,0.3273433873818687,1.0,7.0,11.0,0.0,0.7033010392619369,0.8470419194868988,0.0,0.9213620706553988,0.0,1.4901225986561764e-08,2.9305392865590266e-10,0.0,0.0,0.0,0.0,2.0,0.7066311841126101,4.0,0.0,0.1319645933525727,0.3947220216626918,-0.5638702756471083,1.1679322898716122,-0.6176886367160573,1.2315877771869368,0.0
199205,0.7030581365299918,12.0,-8.019925323225308,0.44136044103573363,0.0,0.0,0.0,0.0,1.0,12.0,0.0,2.263973070827101e-69,-1.399190991920276e-17,-6.756348598853451e-18,0.37146994605546224,0.7839188919973744,1.0,6.0,10.0,0.0,0.8265435222226307,0.9571483024894389,0.0,0.31618561322733607,0.0,1.4901178327728157e-08,2.962288191484956e-10,0.0,0.0,0.0,0.0,2.0,0.696180527628549,3.0,0.0,0.22027862219966537,0.4946015511249421,-0.554694559960508,0.904930681532175,-0.6381866823278679,0.9815351048649354,0.0
199206,0.7158255002471583,12.0,-7.72793303447022,0.39725141993793545,0.0,0.0,0.0,0.0,1.0,12.0,0.0,4.028844372565597e-68,-3.057754548643686e-16,-4.5937434691141265e-18,-0.22228874400544268,0.21713715491425206,1.0,5.0,9.0,0.0,0.5933741112323484,0.841353066247027,0.0,0.24249212873371162,0.0,1.490120309203855e-08,2.954765898267737e-10,0.0,0.0,0.0,0.0,3.0,0.7334419460302871,3.0,0.0,0.24408675061739468,0.403923345994691,-0.5155480908471172,0.6274655388374729,-0.6342576046776125,0.7576484214441975,0.0
199207,0.7558901757290597,12.0,-9.304431326527826,0.24145368683886473,0.0,0.0,0.0,0.0,1.0,12.0,0.0,8.874622846128515e-68,-4.518711743903765e-18,-1.911342157645717e-17,-0.4013018981591626,0.4423931242836431,1.0,4.0,8.0,0.0,0.32490018631560763,0.7766959370562787,0.0,2.277098256435961,0.0,1.4901174904415315e-08,2.8883812292124107e-10,0.0,0.0,0.0,0.0,3.0,0.7693415709076112,4.0,0.0,0.11779006310556148,0.350440233821363,-0.4111854958008162,0.6163544025928069,-0.6713186591486633,0.8886501252744347,0.0
199208,0.7738099418944523,12.0,-8.737964034966081,0.13585557728596068,0.0,0.0,0.0,0.0,1.0,12.0,0.0,2.6469315616218238e-70,1.0821810959304328e-17,-2.296709775375847e-18,0.3032693905329894,0.4661195092968032,1.0,12.0,7.0,0.0,0.30635215300076585,0.755424852688441,0.0,2.0204964765121782,0.0,0.5712865994091744,5.2269343974340796e-14,0.0,0.0,0.0,0.0,2.0,0.7501056907338486,4.0,0.0,0.19297888502879235,0.39307097824696857,-0.39345034279944,0.5298399999658647,-0.5819986436097165,0.9309010101859722,0.0
199209,0.8150050711666776,12.0,-6.600891939660722,0.2016310400958125,0.0,0.0,0.0,0.0,1.0,12.0,0.0,1.2995904735844801e-67,-7.1620151428517e-17,1.8641466260055734e-17,-0.05831893303888612,0.4517127663138127,1.0,11.0,6.0,0.0,0.33855203765266206,0.4797201600513866,0.0,1.120993109725478,0.0,0.6988065744368734,2.0433879355327724e-15,0.0,0.0,0.0,0.0,2.0,0.7265537275936214,3.0,0.0,0.41012999193522814,0.5799680624842439,-0.1930413669836262,0.4785471671740136,-0.35432842669017955,0.7543031907380598,0.0
199210,0.9263280601932128,12.0,-5.560380119630958,0.18852531195585767,0.0,0.0,0.0,0.0,1.0,12.0,0.0,2.916601111553334e-68,-7.115887672940345e-17,-5.897577311085833e-18,0.20087311156315468,0.38693267698688394,1.0,10.0,5.0,0.0,0.2213608264192909,0.41591938849626664,0.0,0.6920353456519449,0.0,0.9999999850987595,2.396818239951137e-13,0.0,0.0,0.0,0.0,2.0,0.36004311782100956,2.0,0.0,0.6011278259479202,1.118115367207105,0.057094169440849704,0.26529446744219287,-0.4451676184389273,0.5122817217674461,0.0
199211,0.9092741328033194,12.0,-3.7748255347994695,0.2999071118549754,0.0,0.0,0.0,0.0,1.0,12.0,0.0,6.279196980091115e-72,5.8551264368962066e-18,1.3786284886774845e-18,-0.09117342970869123,0.04934145968229399,1.0,9.0,4.0,0.0,0.11972676137100696,0.45389623363804843,0.0,0.7314088768099983,0.0,1.4901357506445407e-08,2.9012202320218927e-10,0.0,0.0,0.0,0.0,2.0,0.36186706595567886,2.0,0.0,0.6679874148774658,1.1107378041858098,-0.040338443998164726,0.16354105499723054,-0.4817434533120553,0.3844680934800974,0.0
199212,0.9499593022716109,12.0,-3.3648915926957255,0.34033336056293273,0.0,0.0,0.0,0.0,1.0,12.0,0.0,5.75270399712938e-68,4.911890304903437e-17,3.6233416227446294e-18,0.06356358314778322,0.5590486424241954,1.0,8.0,3.0,0.0,0.20572684323187712,0.4590410176560357,0.0,0.6132299549868988,0.0,1.4901179555412457e-08,2.927858068698326e-10,0.0,0.0,0.0,0.0,3.0,0.37759155295922103,1.0,0.0,0.6863804387077616,1.1405763200663162,-0.06066516557363154,0.21181776016273599,-0.47742898381180937,0.40786817496511174,0.0
199301,0.9861029836457869,12.0,-3.1825476655900236,0.33947903735093243,0.0,0.0,0.0,0.0,1.0,12.0,0.0,6.672116571542712e-70,4.4382834999543595e-17,-7.965527560297687e-18,0.3376992186032148,0.31044789096454956,1.0,7.0,2.0,0.0,0.1892434923684165,0.2166226137101649,0.0,0.4889146445022643,0.0,0.7835934089693326,3.9649501588485384e-14,0.0,0.0,0.0,0.0,4.0,0.4431358191803294,2.0,0.0,0.6832007166947431,1.0102379679326665,-0.10031400193905542,0.19963918873046702,-0.29925018443372864,0.3053053850217207,0.0
199302,0.9731498946318927,12.0,-4.60360704282666,0.2851127680882113,0.0,0.0,0.0,0.0,1.0,12.0,0.0,4.9241613981220525e-70,-6.197168153531387e-17,7.9818554016467e-18,0.40112234531160135,0.48713166026287513,1.0,6.0,1.0,0.0,0.12040587185747206,0.8383524201509786,0.0,0.07659309390560111,0.0,0.9999999850988388,0.0,0.0,0.0,0.0,0.0,4.0,0.4721681466397283,2.0,0.0,0.5809154669913802,0.8010035317409089,0.13458725754578924,0.2471801821261301,-0.28042574210393995,0.37899786578961026,0.0
199303,0.9301240003190345,12.0,-4.6568283676528885,0.17211163525175766,0.0,0.0,0.0,0.0,1.0,12.0,0.0,6.654230694566054e-125,-1.232595164407831e-31,-1.1709654061874394e-31,-0.3531236628155756,0.5476308296205726,1.0,5.0,1.0,0.0,0.2378760130411063,0.4526222789830656,0.0,0.09662163368530696,0.0,0.9999999850988235,8.950544165406642e-14,0.0,0.0,0.0,0.0,3.0,0.5213949664022224,2.0,0.0,0.5743787541657778,0.7292845783984403,0.11473809504293414,0.25238591098210134,-0.34793627721064874,0.6088030192962105,0.0
199304,0.7951923251944593,12.0,-5.572755303529156,0.13601338387600795,0.0,0.0,0.0,0.0,1.0,12.0,0.0,1.926906223330429e-70,-6.4944338491091954e-18,-3.1687572898595593e-18,-0.15660060341737864,0.1970868976497748,1.0,4.0,2.0,0.0,0.18753126680399868,0.277575207531941,0.0,0.1049920823910529,0.0,1.490130480205286e-08,2.835232022531883e-10,0.0,0.0,0.0,0.0,2.0,0.7406351190119833,5.0,0.0,0.3579070187851437,0.5346648900216657,0.13510969109854362,0.40430104898596064,-0.18022920155733607,0.4442776654450983,0.0
199305,0.7025730235837168,12.0,-11.49575289569648,0.09502201362575902,0.0,0.0,0.0,0.0,1.0,12.0,0.0,4.478611776184894e-70,-7.07363156643265e-19,-7.089313821844293e-18,0.5709170256780786,1.0631609820657402,1.0,3.0,1.0,0.0,0.10705704015994782,0.0950197000564422,0.0,1.7012902476479652,0.0,1.4901161193847656e-08,2.902124952725888e-10,0.0,0.0,0.0,0.0,2.0,0.7050597970640193,5.0,0.0,0.14878443606318154,0.49251332007017207,0.07686087512791975,0.3182795531370975,-0.09499018230413847,0.24134561652692904,0.0
199306,0.8958568082708351,12.0,-5.629396014696719,0.22143906764709698,0.0,0.0,0.0,0.0,1.0,12.0,0.0,6.089681466118591e-70,-4.646273423554021e-17,8.678969812352733e-18,0.3033704350133399,0.3360683318681219,1.0,2.0,8.0,0.0,0.2792979114043409,0.38910537541830487,0.0,0.4291724968146697,0.0,1.4901161193847656e-08,2.868786058591634e-10,0.0,0.0,0.0,0.0,2.0,0.5332000120088077,5.0,0.0,0.4036456143057403,0.4965322328869054,-0.09314710254765982,0.5557093810901557,-0.2894023050497164,0.4304831071557789,0.0
199307,0.804188443652687,12.0,-5.817523032140383,0.2170221324977046,0.0,0.0,0.0,0.0,1.0,12.0,0.0,1.7230935624586883e-68,-2.2765094950822775e-17,5.6993145898258056e-18,0.14299730518269416,0.5149958817988407,1.0,1.0,7.0,0.0,0.1628686679455869,0.6238018076734083,0.0,3.5643070109969544,0.0,1.4901161193847656e-08,2.860232120614902e-10,0.0,0.0,0.0,0.0,2.0,0.6087620883442602,5.0,0.0,0.3237319379467041,0.4284545244573814,-0.06789862791119337,0.3052932849019546,-0.3749792849779323,0.389138943055874,0.0
199308,0.6622232659851601,12.0,-7.864830780189948,0.22568409494462163,0.0,0.0,0.0,0.0,1.0,12.0,0.0,4.955856542056504e-68,-1.9200471133815408e-16,2.2076378575246126e-17,0.5013568832739281,0.9460494515891208,1.0,1.0,12.0,0.0,0.1017467160659862,0.2785489727661809,0.0,0.40516840860094866,0.0,1.4901161193847656e-08,2.9131630891887156e-10,0.0,0.0,0.0,0.0,3.0,0.7522727521386595,5.0,0.0,0.12358047866553619,0.27986611453824595,-0.03640003904161647,0.12450175714854629,-0.27864745071140207,0.2791713889947069,0.0
199309,0.665851719300545,12.0,-7.0341212602445085,0.17725389112457285,0.0,0.0,0.0,0.0,1.0,12.0,0.0,2.5572936017752126e-69,-1.1747993569251782e-16,-1.4209773399586893e-17,0.47167478621096665,0.9417371478286537,1.0,7.0,11.0,0.0,0.43303667550125763,0.552817989131185,0.0,0.8606090865277487,0.0,1.5556943015472264e-08,0.0,0.0,0.0,0.0,0.0,2.0,0.5086741790342895,3.0,0.0,0.32051151508229175,0.6449120671568841,-0.17885366822610285,0.35338599561247364,-0.35201511922721634,0.5699808533959994,0.0
199310,0.706907606569716,12.0,-4.9045316520339615,0.2971750995681769,0.0,0.0,0.0,0.0,1.0,12.0,0.0,3.055943076153358e-125,-1.4791141972893971e-31,-1.1093356479670479e-31,-0.2953852021357741,0.33320158565584507,1.0,6.0,12.0,0.0,0.1472713379502015,0.5642382858676572,0.0,0.5590508514256914,0.0,1.4901265900908144e-08,2.8842081151466305e-10,0.0,0.0,0.0,0.0,2.0,0.788778230023231,3.0,0.0,0.2836021037277915,0.28413187504336973,-0.29901179917583337,0.2535739658328006,-0.5211575339992828,0.5990633525946589,0.0
199311,0.772528379111736,12.0,-4.448371884077333,0.33191441143508993,0.0,0.0,0.0,0.0,1.0,12.0,0.0,2.534024347379607e-69,-1.1884578994857447e-16,-1.4316460578325744e-17,0.49391368647218964,0.9289033332654204,1.0,5.0,11.0,0.0,0.2473851054169723,0.6176857269540965,0.0,0.43594339549323396,0.0,0.5208091867416192,5.4847134474654515e-15,0.0,0.0,0.0,0.0,1.0,0.676703339415487,3.0,0.0,0.477274983248068,0.5071417107034282,-0.39058212380254015,0.29431584867812266,-0.6297529007022231,0.6138590720394239,0.0
199312,0.8675050347031568,12.0,-3.357455592291216,0.36978551599115517,0.0,0.0,0.0,0.0,1.0,12.0,0.0,5.086055318963192e-69,1.0931967887634034e-16,1.5194449770263607e-17,0.5104938473627887,0.6975334601529247,1.0,4.0,12.0,0.0,0.24689734531132057,0.6344411141689347,0.0,0.20263956644016556,0.0,1.4901185050657035e-08,2.9014522466549923e-10,0.0,0.0,0.0,0.0,1.0,0.5107855114342101,3.0,0.0,0.5281984158156754,0.8661740266774988,-0.3984884569535371,0.2755031448614669,-0.6602763199252671,0.6535393203819604,0.0
199401,0.8865506196718407,12.0,-5.054485773812581,0.32371188154242836,0.0,0.0,0.0,0.0,1.0,12.0,0.0,3.6867900881547357e-68,-3.4327269651952307e-17,2.063710174364564e-18,-0.06345974768009363,0.22831661742448084,1.0,3.0,11.0,0.0,0.27938138714925803,0.6586418886482089,0.0,0.22067187383030393,0.0,1.4901161193847656e-08,2.9226671736607654e-10,0.0,0.0,0.0,0.0,1.0,0.3674394750628179,4.0,0.0,0.5854081528065668,1.0435789830993902,-0.3426213719664246,0.43581037796734173,-0.7320844556532381,1.0350798984048617,0.0
199402,0.9247160080084779,12.0,-4.156776103209542,0.3809612423404423,0.0,0.0,0.0,0.0,1.0,12.0,0.0,2.0253046729961706e-68,1.18243172574924e-16,-9.063318184645437e-18,-0.6696457157144196,0.6991550861298452,1.0,2.0,10.0,0.0,0.3463552350698439,0.5474402477515596,0.0,0.8352491649380315,0.0,1.4901161240471543e-08,1.2270298311643961e-08,0.0,0.0,0.0,0.0,1.0,0.4437031099015413,3.0,0.0,0.569890353774662,1.107824601361145,-0.5015350872444382,0.6145412335874977,-0.7181289971249851,1.0391745328754727,0.0
199403,0.9428519221075907,12.0,-2.800346341845484,0.4705855818144969,0.0,0.0,0.0,0.0,1.0,12.0,0.0,2.2220692574390506e-68,-1.77844229156699e-17,1.2929046830985623e-17,-0.17493399534004647,0.20361780929618054,1.0,1.0,12.0,0.0,0.37669624469967655,0.6613664517661563,0.0,5.229709635105137,0.0,1.4901161193847656e-08,2.9462766414780615e-10,0.0,0.0,0.0,0.0,2.0,0.700650960674197,5.0,0.0,0.47335741286000865,0.7049022268461176,-0.5053191911730601,0.5532167418838491,-0.766443952049169,1.351717445094309,0.0
199404,0.8818709828933523,12.0,-4.816116344723765,0.4122177506331246,0.0,0.0,0.0,0.0,1.0,12.0,0.0,3.6549567546427157e-68,8.201870456670909e-17,5.971360896517896e-18,-0.3723195061535025,0.5853971634950103,1.0,1.0,11.0,0.0,0.3870703475173486,0.686006167382912,0.0,5.250154095936841,0.0,1.4901174020011916e-08,2.9258174438361195e-10,0.0,0.0,0.0,0.0,2.0,0.7356584288892652,3.0,0.0,0.39237065043603303,0.47894839569532055,-0.5364151789007618,0.47274026863670654,-0.657565220037112,0.698906001736208,0.0
199405,0.8016704639178093,12.0,-6.588580059562995,0.36917055301220814,0.0,0.0,0.0,0.0,1.0,12.0,0.0,2.709286129935693e-68,2.6858282285275395e-16,6.618942288011421e-18,-0.1448463860850046,0.317561070973574,1.0,1.0,10.0,0.0,0.39487123633702037,1.1380263673503306,0.0,3.941360404183479,0.0,1.4901161193847656e-08,2.9120280636298574e-10,0.0,0.0,0.0,0.0,2.0,0.7553511458370913,5.0,0.0,0.2087810820731252,0.24732002511562606,-0.5385476654412562,0.4780915567385748,-0.7206577364452392,0.8147017197435364,0.0
199406,0.7354745889994959,12.0,-9.855187058052005,0.4466543828792405,0.0,0.0,0.0,0.0,1.0,12.0,0.0,2.048736931407669e-68,3.66565658913378e-18,1.7757253883475702e-17,-0.2510132668626456,0.19989914293746294,1.0,1.0,12.0,0.0,0.36995843612909257,0.6559260031311214,0.0,1.060532241235507,0.0,1.4901161193847656e-08,2.946845296880924e-10,0.0,0.0,0.0,0.0,1.0,0.8776625265469101,5.0,0.0,-0.07660053357596475,0.07984236509320687,-0.4650629495215446,0.34949502523144516,-0.581813438439257,0.49325489964059227,0.0
199407,0.5256117572223798,12.0,-10.730578584537302,0.3821318746790876,0.0,0.0,0.0,0.0,1.0,12.0,0.0,2.598456888056907e-68,5.815009978839457e-17,3.582337800148619e-18,-0.5583489657792274,0.676623478722483,1.0,2.0,11.0,0.0,0.9052148684090939,0.5856927914944476,0.0,0.356932963437615,0.0,1.4901161193847656e-08,2.9563740494953763e-10,0.0,0.0,0.0,0.0,1.0,0.8198702658288745,5.0,0.0,-0.14686556200503062,0.2501474932800969,-0.5023830714912474,0.45817261658727654,-0.4980195996827525,0.3969899118246853,0.0
199408,0.4490398940074948,12.0,-11.97663773860815,0.39442096268632637,0.0,0.0,0.0,0.0,1.0,12.0,0.0,1.0706074964513031e-69,-6.9273236710837206e-18,1.846424124866454e-18,-0.2742266748304625,0.3349603390102417,1.0,1.0,10.0,0.0,0.5156449426691576,0.6346175756067489,0.0,2.671511533547026,0.0,1.4901161193847656e-08,2.952807516430421e-10,0.0,0.0,0.0,0.0,1.0,0.8355519496958244,7.0,0.0,-0.2297549355635807,0.24833488641864052,-0.44091335732128845,0.4321836644627241,-0.5254691019636062,0.7183177514984738,0.0
199409,0.5124948166607068,12.0,-12.21968926256436,0.13507053786611814,0.0,0.0,0.0,0.0,1.0,12.0,0.0,3.5687123334601916e-69,-2.3709837662776246e-17,2.0625450641315574e-18,-0.2954188379615279,0.47474629876608865,1.0,4.0,9.0,0.0,0.5401928777698886,0.9795133963305819,0.0,7.142441837660779,0.0,1.4901506079024963e-08,2.9338389215532045e-10,0.0,0.0,0.0,0.0,1.0,0.8174691343666561,7.0,0.0,-0.24704492106570372,0.27600175243323755,-0.46387882061462626,0.6306223500898334,-0.5571339975269191,0.9491710377124697,0.0
199410,0.5087292511955755,12.0,-12.726803427670283,0.2710544534118744,0.0,0.0,0.0,0.0,1.0,12.0,0.0,5.336823313377888e-72,2.4982546827433634e-18,3.26184476723725e-19,-0.16962382946674823,0.11629844976836874,1.0,3.0,8.0,0.0,0.8043045102927662,0.7019874283406814,0.0,7.914071949738854,0.0,1.490163405074683e-08,2.9486082215036683e-10,0.0,0.0,0.0,0.0,1.0,0.832893058301395,7.0,0.0,-0.2870488188427796,0.31795253053650036,-0.4758351346268614,0.4610829065323237,-0.5168886994070988,0.517827397016992,0.0
199411,0.5555545565927051,12.0,-11.687453612029493,0.34338563137068046,0.0,0.0,0.0,0.0,1.0,12.0,0.0,1.794907186363252e-69,1.2598694788280232e-17,3.2178041793342004e-18,0.0840545917814759,0.35641839549687687,1.0,2.0,7.0,0.0,0.5044104559891838,0.54031720833674,0.0,2.5484808484371015,0.0,1.4901161193847656e-08,2.950389976681079e-10,0.0,0.0,0.0,0.0,1.0,0.7562454765034178,8.0,0.0,-0.14860498429994679,0.3400518681987128,-0.39559742734977166,0.3844448789033771,-0.48839912295568916,0.31956511272859733,0.0
199412,0.567690524190929,12.0,-8.91714261991278,0.3867910584012303,0.0,0.0,0.0,0.0,1.0,12.0,0.0,1.871093490220354e-68,-6.356458585099736e-17,1.6657206207387872e-18,0.08177291895175845,0.5374815282013367,1.0,1.0,6.0,0.0,0.578322759027036,0.8636552903298322,0.0,2.5891577966920054,0.0,1.4901161193847656e-08,2.9270427560792295e-10,0.0,0.0,0.0,0.0,1.0,0.7522443981048763,7.0,0.0,-0.07008569227555617,0.26973317071274255,-0.404817727048478,0.4683533960208137,-0.5713007027105821,0.5583128746072611,0.0
199501,0.37572465486111856,12.0,-12.523968742991652,0.21681089878150384,0.0,0.0,0.0,0.0,1.0,12.0,0.0,5.294887760882877e-68,1.2641660966549981e-16,-2.502376572037348e-18,-0.32320608745715107,0.33908416530038554,1.0,8.0,5.0,0.0,0.7863602090871809,0.7390333920090503,0.0,0.12015296304695018,0.0,1.4901243511914096e-08,2.9491031933947255e-10,0.0,0.0,0.0,0.0,1.0,0.6886264129374623,8.0,0.0,-0.3193431889365868,0.33882761149356266,-0.47225165803042524,0.5009821310536661,-0.524150828099506,0.5292666096560774,0.0
199502,0.5048328371815741,12.0,-12.506447913234245,0.19129760393227938,0.0,0.0,0.0,0.0,1.0,12.0,0.0,1.444925208396579e-69,-3.4230480500827627e-17,-7.602642140324153e-20,-0.14448562093648107,0.5368475611341963,1.0,7.0,4.0,0.0,0.5999446625491369,0.5181857535950147,0.0,0.3445020386131568,0.0,1.4901161193847656e-08,2.9383194324295825e-10,0.0,0.0,0.0,0.0,1.0,0.6744725119732505,6.0,0.0,-0.24018655935976127,0.46638811413617964,-0.3508075637858868,0.4287061384033279,-0.4766985460745635,0.3804210011241197,0.0
199503,0.5116012413211887,12.0,-8.80584648510866,0.41454220024866245,0.0,0.0,0.0,0.0,1.0,12.0,0.0,1.5793795046411714e-68,-7.400939818422946e-17,-3.9333256203843645e-18,-0.5788635124058721,1.1645435501314776,1.0,6.0,12.0,0.0,0.45946399819064715,0.8070675490615237,0.0,1.0246783498010557,0.0,1.4901237590689105e-08,2.943763672184093e-10,0.0,0.0,0.0,0.0,1.0,0.6134318305706428,5.0,0.0,0.030193872396430264,0.4766192622415539,-0.344232053194304,0.4365650341994519,-0.6268003225597698,0.6606615323926691,0.0
199504,0.532859459685038,12.0,-14.261356276618837,0.16287689595800667,0.0,0.0,0.0,0.0,1.0,12.0,0.0,1.1645630567289977e-68,2.9991588170178183e-16,-5.863921035657045e-18,-0.05186913058916358,0.14665619939707908,1.0,12.0,11.0,0.0,0.3924815885106546,0.2643748620921894,0.0,2.513373528864257,0.0,1.4901161193847656e-08,2.9447783224068447e-10,0.0,0.0,0.0,0.0,2.0,0.614508539331187,6.0,0.0,-0.3135006706310706,0.5117832568687832,-0.353955475624643,0.541972287265556,-0.32086215584017674,0.4272864821549008,0.0
199505,0.6204053927729319,12.0,-12.184246029516387,0.10846985826521172,0.0,0.0,0.0,0.0,1.0,12.0,0.0,1.3902586694569391e-69,-1.4516238275285964e-17,-2.186503582608972e-18,-0.2879581879438125,0.43551613241653453,1.0,11.0,10.0,0.0,0.4133217977971766,0.516420861304064,0.0,4.036155395619758,0.0,1.4901161193847656e-08,2.9415166374706527e-10,0.0,0.0,0.0,0.0,2.0,0.667827795150799,6.0,0.0,-0.25009085388833135,0.3683206406823256,-0.45045653929444784,0.4540009314700372,-0.49311709183951913,0.5296995140508286,0.0
199506,0.6756364520406793,12.0,-10.530254052459675,0.4472208510341241,0.0,0.0,0.0,0.0,1.0,12.0,0.0,1.5885766057900202e-122,2.9582283945787943e-31,4.437342591868191e-31,-0.29833561331509334,0.44668056540636564,1.0,10.0,12.0,0.0,0.27952484164300984,0.27994402618007413,0.0,3.2070982413513796,0.0,1.4901161193847656e-08,2.939673642356279e-10,0.0,0.0,0.0,0.0,1.0,0.7883239637220784,5.0,0.0,-0.052329759250937906,0.3095950631019737,-0.10568153818215864,0.5196289898161075,-0.2748321825251264,0.40358088543516674,0.0
199507,0.5900795406710555,12.0,-12.418444964029051,0.32284270280936705,0.0,0.0,0.0,0.0,1.0,12.0,0.0,2.4940320403253776e-70,2.593471033518168e-18,1.6789843205363165e-18,-0.37312911092161355,0.6301275121367195,1.0,9.0,11.0,0.0,0.5572441153069976,0.34937837459135046,0.0,1.511659081728884,0.0,1.4901329403626523e-08,2.9558264995158516e-10,0.0,0.0,0.0,0.0,1.0,0.7996465206976752,6.0,0.0,-0.29699413860631346,0.46129524945386935,-0.3703047236554537,0.5420450632072228,-0.23048902875812122,0.4542302164674498,0.0
199508,0.5469160717863337,12.0,-11.304442020253994,0.2802853652262839,0.0,0.0,0.0,0.0,1.0,12.0,0.0,4.213622672771591e-68,-7.577978883731e-17,1.1373184564839605e-17,-0.24178170231137905,0.24798711281689478,1.0,8.0,10.0,0.0,0.77977441808397,0.9337791375315495,0.0,3.878281470667375,0.0,1.4901316359831538e-08,2.948819820530381e-10,0.0,0.0,0.0,0.0,1.0,0.8015961092874386,6.0,0.0,-0.3169199610741814,0.5322737817842818,-0.46147307346869304,0.4983531952620885,-0.5133801956816573,0.5018117070636483,0.0
199509,0.5129666474605294,12.0,-11.947675005376174,0.17337707526138632,0.0,0.0,0.0,0.0,1.0,12.0,0.0,8.157374140590409e-71,-5.8551264368966796e-18,-6.49038704075088e-18,-0.06185696250998183,0.7277006812242268,1.0,7.0,9.0,0.0,1.1028298114645632,1.3995283160324528,0.0,3.115580645406555,0.0,1.490121895876135e-08,2.9477101193616874e-10,0.0,0.0,0.0,0.0,1.0,0.6729263417506561,6.0,0.0,-0.3656271722351005,0.48539879422588406,-0.4867385914861035,0.5406077791234193,-0.5607864557770297,0.5294141399748431,0.0
199510,0.4776595611937891,12.0,-11.931593954588621,0.2026284102977752,0.0,0.0,0.0,0.0,1.0,12.0,0.0,3.559118443263575e-67,-3.059261906032259e-17,-2.683195101557724e-18,-0.39150012096349,0.35062597909575977,1.0,6.0,8.0,0.0,0.8810582188919944,1.0787056740833856,0.0,3.48088476984454,0.0,1.4901161193847656e-08,2.9500526911169154e-10,0.0,0.0,0.0,0.0,1.0,0.6898092804864748,6.0,0.0,-0.35135448541592745,0.45891629596856515,-0.4693969919329072,0.41708536151641834,-0.5668742952252259,0.5002292506092468,0.0
199511,0.49493004031967386,12.0,-11.69695395578744,0.19463412941754624,0.0,0.0,0.0,0.0,1.0,12.0,0.0,6.706385482692096e-69,-4.051089554655718e-17,1.145423409391219e-17,-0.4730481616009374,0.6291198901429018,1.0,5.0,7.0,0.0,1.0372519866171641,1.116585670642896,0.0,3.812094166285933,0.0,1.4901161193847656e-08,2.940063984773756e-10,0.0,0.0,0.0,0.0,1.0,0.701229716978544,6.0,0.0,-0.3624696787212713,0.4847604388602502,-0.486160985279268,0.4290618891121938,-0.5622392848491049,0.41137261181793827,0.0
199512,0.49198910822150316,12.0,-12.274675422670624,0.20688508130976693,0.0,0.0,0.0,0.0,1.0,12.0,0.0,2.8446631944555486e-67,2.646647685807406e-17,-2.177200107085524e-18,-0.41825079084098055,0.3761702276375921,1.0,4.0,6.0,0.0,0.9537350795629488,1.1242338827638358,0.0,6.438448682781472,0.0,1.4901161193847656e-08,2.947365245041466e-10,0.0,0.0,0.0,0.0,1.0,0.6947673124929248,7.0,0.0,-0.40392851786956735,0.5283824260215836,-0.5014327483366903,0.46709459101908685,-0.5800666113516948,0.42632867613230646,0.0
199601,0.4902428398431078,12.0,-12.387618330988047,0.16353975075866004,0.0,0.0,0.0,0.0,1.0,12.0,0.0,1.0646030013290266e-68,-4.560480953673395e-17,6.570571230269575e-18,-0.23435048045908444,0.8399930002752454,1.0,3.0,5.0,0.0,1.2011452567143288,1.196331785042283,0.0,7.22149129463162,0.0,1.4901245118242148e-08,2.9500508629113223e-10,0.0,0.0,0.0,0.0,2.0,0.734978404294674,6.0,0.0,-0.4060897178235436,0.41197889377051894,-0.528914727828719,0.43725458061939837,-0.5881830197189506,0.45146832672045883,0.0
199602,0.47917782152453114,12.0,-12.992555557523666,0.17458421816369632,0.0,0.0,0.0,0.0,1.0,12.0,0.0,0.0,0.0,-0.0,0.0,0.0,1.0,2.0,4.0,0.0,0.8247864059392066,0.6574409183909191,0.0,6.730102932840484,0.0,1.4901703289791972e-08,2.94835861140498e-10,0.0,0.0,0.0,0.0,3.0,0.7519359659127801,6.0,0.0,-0.38843523167690447,0.3833521841532653,-0.48025993407125994,0.3907229034931836,-0.5436341799695376,0.4152518865860873,0.0
199603,0.4807592099126015,12.0,-11.710910657930711,0.2912053830370188,0.0,0.0,0.0,0.0,1.0,12.0,0.0,8.7799561016483e-70,1.5891100996386797e-16,2.8537690082252345e-18,0.10812311654545248,0.32263875250380875,1.0,1.0,3.0,0.0,0.5324689640007183,0.8951297234723189,0.0,6.38104470360643,0.0,1.4901161193847656e-08,2.946057767591063e-10,0.0,0.0,0.0,0.0,3.0,0.7548765015400404,5.0,0.0,-0.28376555971863626,0.2566842690599477,-0.4912636398425277,0.37727606733772673,-0.688757864177615,0.7735558243337983,0.0
199604,0.6023348737073171,12.0,-15.478945427271757,0.1241325740970723,0.0,0.0,0.0,0.0,1.0,12.0,0.0,1.3054384905482975e-67,3.141607899913899e-16,3.806279292687725e-19,-0.7495018721266256,0.7089126318046535,1.0,3.0,2.0,0.0,0.7925265528215781,0.4428734433481959,0.0,4.870343855683753,0.0,1.490146535301029e-08,2.9368777199637114e-10,0.0,0.0,0.0,0.0,3.0,0.8308500459861339,6.0,0.0,-0.4478950608804649,0.3193803273322905,-0.6108489458248358,0.5460153354486832,-0.5516751869476436,0.5033706743656785,0.0
199605,0.6497344792174278,12.0,-15.947585012242005,0.13609030255316465,0.0,0.0,0.0,0.0,1.0,12.0,0.0,1.9299471050046324e-69,-3.2111378822509596e-17,-7.270492338586779e-18,-0.28545446128648394,0.24935457033880132,1.0,2.0,1.0,0.0,0.1458912908429186,0.17712273418008662,0.0,4.419354922814235,0.0,1.4901161193847656e-08,2.9271731023315234e-10,0.0,0.0,0.0,0.0,3.0,0.7971998733673874,5.0,0.0,-0.2885443316917362,0.2339282597040021,-0.2618906899668944,0.2268294541474164,-0.3491457682066833,0.342828303351294,0.0
199606,0.8039391522508021,12.0,-8.268407303933605,0.15648500004040233,0.0,0.0,0.0,0.0,1.0,12.0,0.0,1.9099644225958488e-126,-7.395570986446986e-32,-5.546678239835239e-32,-0.2953852021357741,0.33320158565584507,1.0,1.0,9.0,0.0,0.11560060308299729,0.8406964248182882,0.0,1.0539819765080634,0.0,0.5333676251595535,0.5333676251595535,0.0,0.0,0.0,0.0,2.0,0.6206321476544481,4.0,0.0,0.25625514507394326,0.39892634219633843,-0.2704300500374216,0.20629492733016982,-0.7152951925865609,0.6512082545747806,0.0
199607,0.8196240394282029,12.0,-8.186543955350501,0.17656059726579493,0.0,0.0,0.0,0.0,1.0,12.0,0.0,1.0849774284287482e-67,1.9673841661241572e-16,1.0959769605100497e-19,-0.1327547408820763,0.6534404326777994,1.0,11.0,8.0,0.0,0.21809765412724494,0.5605545662205696,0.0,1.036911360344454,0.0,1.4901288388691182e-08,2.851953968944265e-10,0.0,0.0,0.0,0.0,2.0,0.7092847846385102,4.0,0.0,0.2781175495008471,0.2977367624341435,-0.35802384621748384,0.21735504766695715,-0.620427214792763,0.501830032542776,0.0
199608,0.8271703522270049,12.0,-5.8856302804762635,0.3708006338452808,0.0,0.0,0.0,0.0,1.0,12.0,0.0,8.070965895002162e-69,-1.7188882326313323e-16,1.130483397378268e-18,-0.19651340740535833,0.23383715648000897,1.0,12.0,7.0,0.0,0.23429088338690965,0.35537183353005414,0.0,0.5329537965729013,0.0,1.490124984568969e-08,2.8893363143470036e-10,0.0,0.0,0.0,0.0,2.0,0.6888944669869046,4.0,0.0,0.17500324558948935,0.3885805982252874,-0.39638493042767176,0.4363218095269872,-0.4453603026617436,0.44042826505055294,0.0
199609,0.7876670047614415,12.0,-8.401172070264742,0.38956413099770526,0.0,0.0,0.0,0.0,1.0,12.0,0.0,1.0688730266853077e-68,-5.39921017649529e-17,1.0115076936051625e-17,-0.48885882019328974,0.6383235647053985,1.0,11.0,6.0,0.0,0.521463028968239,0.3755165234694475,0.0,0.713546983431743,0.0,1.4901238934554978e-08,2.938202915072755e-10,0.0,0.0,0.0,0.0,2.0,0.6547462517597459,3.0,0.0,0.2577264132798444,0.4646176621603027,-0.5474874729774776,0.6126555416310249,-0.4838194823841204,0.511093988515255,0.0
199610,0.8815326898094472,12.0,-7.960935607116878,0.3081689029973651,0.0,0.0,0.0,0.0,1.0,12.0,0.0,6.7092419235140525e-68,-1.288723040847892e-16,-1.9190904893814054e-18,-0.41054833480957403,0.6913775880093904,1.0,10.0,5.0,0.0,0.3473977179382996,0.8227749961936643,0.0,0.9369742027165021,0.0,1.4901164649297835e-08,2.933327324381354e-10,0.0,0.0,0.0,0.0,2.0,0.5726804043893686,4.0,0.0,0.3070963077378675,0.5129020374912496,-0.42752977478629883,0.3980012966527364,-0.6432782199318052,0.544510718820332,0.0
199611,0.8649446869611036,12.0,-6.640909178599202,0.34927619942824417,0.0,0.0,0.0,0.0,1.0,12.0,0.0,1.3981749047261644e-66,-4.2855158379978535e-17,-6.2514918122022894e-18,-0.14748664374157705,0.13485510978787615,1.0,9.0,4.0,0.0,0.39836350174003443,0.9463947995247799,0.0,2.1550419263366343,0.0,1.4901270798625437e-08,2.924131916836587e-10,0.0,0.0,0.0,0.0,2.0,0.5725634879277441,3.0,0.0,0.3280235028872523,0.560983673783359,-0.4715152492693819,0.3209785130863074,-0.6420301549718382,0.48741340227622104,0.0
199612,0.8225592132613058,12.0,-7.409379462624936,0.23471043454537296,0.0,0.0,0.0,0.0,1.0,12.0,0.0,6.24859301205059e-67,-1.4382738234774382e-16,1.2321433805662965e-18,-0.06478467940863246,0.20549738611892046,1.0,8.0,3.0,0.0,0.3847692858052512,1.0385088931806874,0.0,1.1921338811004307,0.0,1.490119796015889e-08,2.8638067390414653e-10,0.0,0.0,0.0,0.0,2.0,0.6214226948336212,4.0,0.0,0.2592471106317709,0.44067327294560177,-0.4596245045872411,0.3331201362267662,-0.6446803055491699,0.503961185941027,0.0
199701,0.7709138698247928,12.0,-7.55918623730619,0.17143567986872252,0.0,0.0,0.0,0.0,1.0,12.0,0.0,5.182062808773803e-67,1.3648649633318562e-16,5.588215843285562e-18,0.01918257193083236,0.22918610547711535,1.0,7.0,2.0,0.0,0.3933782362799983,0.7955558549003786,0.0,1.0479759192046627,0.0,1.4901161193847656e-08,0.0,0.0,0.0,0.0,0.0,2.0,0.6931928404231439,4.0,0.0,0.21028474066534852,0.38122477065196186,-0.4726942987331753,0.33989732334116124,-0.6381873078123013,0.4801911669689007,0.0
199702,0.7223725554000915,12.0,-9.567521529584491,0.1440243836863299,0.0,0.0,0.0,0.0,1.0,12.0,0.0,8.060131585213973e-67,8.626843757666703e-17,6.917900147920596e-18,-0.3055203863567794,0.2952797239775849,1.0,6.0,1.0,0.0,0.3286030548488927,1.0680473887333044,0.0,0.7527806874790614,0.0,1.4901161193847656e-08,2.833406315275497e-10,0.0,0.0,0.0,0.0,3.0,0.7279507407978592,4.0,0.0,0.09327413476838818,0.3340067979577585,-0.4492359445285095,0.30382076394428026,-0.6839502044134523,0.6320311593805817,0.0
199703,0.6737470028107783,12.0,-9.870483653119477,0.33742121568303673,0.0,0.0,0.0,0.0,1.0,12.0,0.0,5.35580586383972e-68,9.356272361802528e-17,-1.548031309331857e-17,0.011559053645701063,0.35534585724191,1.0,5.0,12.0,0.0,0.40679295937076143,0.8604107896926454,0.0,0.9013748078896704,0.0,1.4901161193847656e-08,2.8966933017105475e-10,0.0,0.0,0.0,0.0,3.0,0.7376163238826404,4.0,0.0,0.10602048220599597,0.41944076598483987,-0.47495886319790814,0.5924411708441089,-0.6528898757704936,0.5864720082709226,0.0
199704,0.6885268976080114,12.0,-9.194993507242707,0.4001956458394059,0.0,0.0,0.0,0.0,1.0,12.0,0.0,3.772107774370598e-67,2.3573263869912853e-16,3.754377192842653e-18,-0.23860737952186853,0.3262938291454753,1.0,4.0,11.0,0.0,0.5541588312420799,0.6529186978510847,0.0,0.2790198743513885,0.0,1.4901328238276338e-08,2.950737330299887e-10,0.0,0.0,0.0,0.0,3.0,0.7449900454221614,3.0,0.0,0.17275557323948781,0.42747127782095573,-0.5681713354422204,0.7196056538247946,-0.62766849705679,0.7260490024873296,0.0
199705,0.6934617622165016,12.0,-9.305668506774131,0.3278382778156058,0.0,0.0,0.0,0.0,1.0,12.0,0.0,2.8939356902990294e-69,3.9814129470300704e-17,1.8009730659874574e-18,-0.42286498655304267,0.5475801818654362,1.0,3.0,10.0,0.0,0.417050347929051,0.9992586636955051,0.0,0.0474440161301766,0.0,1.4901161193847656e-08,2.940062590282986e-10,0.0,0.0,0.0,0.0,3.0,0.7562110453543134,4.0,0.0,0.1382220140065992,0.3282249515774602,-0.49818447815357847,0.6006548488579855,-0.6265207168384391,0.8301533035962372,0.0
199706,0.6784693724213138,12.0,-9.384579419962625,0.21959722175545215,0.0,0.0,0.0,0.0,1.0,12.0,0.0,4.782479190927298e-68,-3.0427279434956525e-16,-6.9197694351583e-18,-0.26313881127674943,0.3327076266225253,1.0,2.0,9.0,0.0,0.2599471170535981,0.2996452148914806,0.0,0.5432571359860091,0.0,1.4901161193847656e-08,1.4892345695564479e-08,0.0,0.0,0.0,0.0,3.0,0.7533914311552967,3.0,0.0,0.16229203893961186,0.29483960776244367,-0.3765074608523862,0.4730720874529467,-0.394351558637037,0.5614650231436356,0.0
199707,0.7139635089073261,12.0,-8.934078781095584,0.20941244789249502,0.0,0.0,0.0,0.0,1.0,12.0,0.0,7.886606450721438e-69,2.33835352191885e-16,4.536770555732131e-18,-0.39361210904180477,0.3948555401468991,1.0,1.0,8.0,0.0,0.08611469634211252,0.3556552215618834,0.0,2.574751030693736,0.0,0.7501774983208505,0.0,0.0,0.0,0.0,0.0,3.0,0.6998862845133078,4.0,0.0,0.22063637743113018,0.36448573615477176,-0.09866087200671016,0.28586865595137356,-0.4191106117793908,0.3681897040702737,0.0
199708,0.7843793639924297,12.0,-6.104754743136659,0.21278035239816584,0.0,0.0,0.0,0.0,1.0,12.0,0.0,4.690601977668143e-69,1.427171318283264e-16,1.955162009067263e-18,-0.08822726729830523,0.19435265005876015,1.0,12.0,7.0,0.0,0.13954559486249823,0.8675868315208015,0.0,3.2675059767916235,0.0,0.6065046634946524,0.0,0.0,0.0,0.0,0.0,3.0,0.6641847883228507,4.0,0.0,0.31316062218694685,0.47036057856546776,-0.30357899239073644,0.17010230848337266,-0.5599082258825573,0.3539588849991443,0.0
199709,0.780760709349193,12.0,-7.448531613225434,0.24168559205139145,0.0,0.0,0.0,0.0,1.0,12.0,0.0,3.924498112564545e-73,-2.927563218447551e-18,-6.893142443383725e-19,-0.09117342970874565,0.04934145968229011,1.0,11.0,6.0,0.0,0.40425688466274545,0.5215365451807458,0.0,4.073022157786417,0.0,1.4901365779533093e-08,2.8828609711438663e-10,0.0,0.0,0.0,0.0,3.0,0.6875296167270183,3.0,0.0,0.3332902345708551,0.4517620294552273,-0.38135192525217004,0.39157338069544984,-0.5303095562961053,0.49833622866269073,0.0
199710,0.8225596893450715,12.0,-7.585825089911264,0.15335401875716273,0.0,0.0,0.0,0.0,1.0,12.0,0.0,1.414399286777515e-66,4.403156744669785e-17,-1.2180035633712748e-17,-0.2096276601294307,0.14109840865603662,1.0,10.0,5.0,0.0,0.2575884911871781,0.6168554333721553,0.0,3.119563114371011,0.0,1.4901491080149784e-08,2.899891573752654e-10,0.0,0.0,0.0,0.0,3.0,0.7756659179018607,3.0,0.0,0.27442921420087235,0.4546718818232322,-0.1605458214977672,0.316883485395531,-0.5379691120590951,0.5965681737342678,0.0
199711,0.8423432524419079,12.0,-7.823327846067775,0.2058836831718009,0.0,0.0,0.0,0.0,1.0,12.0,0.0,6.983306548882416e-67,1.0090154540254235e-16,-4.3286234362315015e-18,-0.3213608132157494,0.16914014150724319,1.0,9.0,4.0,0.0,0.4298914445381484,0.46504793439228415,0.0,1.399151826755008,0.0,1.4901204787649404e-08,2.9055241145224127e-10,0.0,0.0,0.0,0.0,3.0,0.7756404327539298,3.0,0.0,0.2506446649163666,0.349391926282883,-0.2580342499782945,0.452953858138039,-0.401251545464494,0.4810134641900982,0.0
199712,0.8059461093728173,12.0,-9.015302153575945,0.1284203667984981,0.0,0.0,0.0,0.0,1.0,12.0,0.0,6.074036866078501e-69,6.273506126709364e-17,1.2970527805433934e-17,-0.24289255404063456,0.39282832452350147,1.0,8.0,3.0,0.0,0.27193461207407826,0.5964626370475121,0.0,0.8507089699940127,0.0,1.4901161193847656e-08,2.842777270491969e-10,0.0,0.0,0.0,0.0,2.0,0.686877152324306,4.0,0.0,0.15457156845169617,0.4381647991834757,-0.36246237881269777,0.4305083546960509,-0.5149649335148996,0.6052366875538255,0.0
199801,0.813115105638432,12.0,-9.369645982317627,0.1252166672609178,0.0,0.0,0.0,0.0,1.0,12.0,0.0,3.624821223383616e-68,3.08266577188761e-17,-7.089006937577471e-18,-0.07883027663924204,0.36352421686295716,1.0,7.0,2.0,0.0,0.42872351315169105,0.4223847256833157,0.0,0.7859782816814427,0.0,1.4901161193847656e-08,2.846178572861467e-10,0.0,0.0,0.0,0.0,1.0,0.7144919239192705,4.0,0.0,0.13817249749557095,0.4134972112958401,-0.481418757576937,0.5132557316442737,-0.5364362377717343,0.5454296019608862,0.0
199802,0.8190889699793157,12.0,-11.441482010595136,0.1716139058874749,0.0,0.0,0.0,0.0,1.0,12.0,0.0,3.0440610783746704e-68,-7.803320624652223e-17,9.992996002447528e-18,-0.03805665677050139,0.3454070968714306,1.0,6.0,1.0,0.0,0.2718044616934781,0.7581424315031777,0.0,0.3547986557933083,0.0,1.49014080768516e-08,2.8416132306417655e-10,0.0,0.0,0.0,0.0,1.0,0.6862706331000897,4.0,0.0,0.08982113727438719,0.35723743949541387,-0.4575884463727888,0.43409518264638924,-0.7079523045726105,0.787484574741618,0.0
199803,0.8329578504171684,12.0,-6.849100297473885,0.4087391839636436,0.0,0.0,0.0,0.0,1.0,12.0,0.0,4.046571425228022e-68,-1.3373253072310417e-16,-2.7735848187048943e-18,-0.7933761573003818,1.3751098407859454,1.0,5.0,12.0,0.0,0.5151135867325911,1.2173274717404294,0.0,0.07004440725437079,0.0,1.4901161193847656e-08,2.9314905529460637e-10,0.0,0.0,0.0,0.0,1.0,0.6872192590470554,4.0,0.0,0.2765881822353153,0.5536022107356102,-0.599273117180628,0.6266381254972879,-0.7791884990450809,0.9184565550359632,0.0
199804,0.8257597960089379,12.0,-7.91605004480531,0.3969425199602563,0.0,0.0,0.0,0.0,1.0,12.0,0.0,1.2756469077556308e-68,-1.2943350738803135e-16,-9.721505944173949e-18,-0.32577109614578836,0.3924209608945114,1.0,4.0,11.0,0.0,0.5174743258693851,0.6740736000486914,0.0,0.8253918007810152,0.0,1.4901161193847656e-08,2.955180880150602e-10,0.0,0.0,0.0,0.0,1.0,0.6870653794980907,3.0,0.0,0.2602815012712839,0.5318158909743371,-0.5348051599202217,0.7567412714028746,-0.6567305884527378,0.819946396342681,0.0
199805,0.8118761017288381,12.0,-7.9459423142218455,0.36400915331657474,0.0,0.0,0.0,0.0,1.0,12.0,0.0,3.699979596604843e-68,5.865817117416984e-17,7.634982145409417e-18,-0.17802779552970882,0.3525948890527978,1.0,3.0,10.0,0.0,0.6086224742519392,1.244542013361597,0.0,0.8726467399614751,0.0,1.4901161759436374e-08,8.704634046520932e-09,0.0,0.0,0.0,0.0,1.0,0.6416823595637491,5.0,0.0,0.20899361768503927,0.46957742566287647,-0.5611691441349006,0.799627309374615,-0.6773347139867887,1.0209931552654572,0.0
199806,0.7656365519881759,12.0,-8.65460281363878,0.22282529432348386,0.0,0.0,0.0,0.0,1.0,12.0,0.0,1.0200569558806647e-71,5.2405823129896815e-18,-6.127534013969882e-19,-0.38552874914168,0.1561928969388806,1.0,2.0,9.0,0.0,0.4858290196357065,0.7880641775968772,0.0,0.1978344293179165,0.0,1.4901388686276606e-08,2.867536460205825e-10,0.0,0.0,0.0,0.0,1.0,0.660075835474467,6.0,0.0,0.13565836318467897,0.33893930065634914,-0.5256565868362872,0.8379407253956674,-0.6674975832063167,0.9760060325978975,0.0
199807,0.7740568376904007,12.0,-10.154733371191195,0.15747322177731457,0.0,0.0,0.0,0.0,1.0,12.0,0.0,3.0998245930600316e-69,-1.1826381519620275e-16,1.2513514493969778e-17,0.2987872855865443,0.440300001275212,1.0,1.0,8.0,0.0,0.37723740680161855,1.1014998954759083,0.0,0.5425474312136248,0.0,0.4538444428430272,1.589317835561549e-14,0.0,0.0,0.0,0.0,2.0,0.6616233517843442,6.0,0.0,0.09115097436631411,0.422491480162713,-0.4643781216803689,0.6084292425435903,-0.7650094426732694,1.0511498835892188,0.0
199808,0.7903589291059518,12.0,-9.74084031242289,0.25657486138941676,0.0,0.0,0.0,0.0,1.0,12.0,0.0,1.2912399390285722e-68,-1.1728135058331127e-16,-9.386347515582112e-18,-0.07630133272104134,0.17467044301026696,1.0,12.0,7.0,0.0,0.5414347528103333,1.144745122490535,0.0,2.762888198854364,0.0,1.490144507239484e-08,2.859185810356074e-10,0.0,0.0,0.0,0.0,1.0,0.6629685756377917,6.0,0.0,0.16220836161079363,0.3926616926764734,-0.6359429891725218,0.8047124506624201,-0.7694205119086563,1.0654515805271887,0.0
199809,0.8031799638953946,12.0,-8.128021157919047,0.3370436508595443,0.0,0.0,0.0,0.0,1.0,12.0,0.0,2.4956218445887773e-70,-1.0874877020405199e-18,3.990927700823629e-18,0.019341098468380426,0.32490611365745087,1.0,11.0,6.0,0.0,0.6715073828713771,0.7440890338906133,0.0,0.7989520785790422,0.0,1.4901161193847656e-08,2.9126069607007153e-10,0.0,0.0,0.0,0.0,1.0,0.6402858971521567,5.0,0.0,0.28807470435206783,0.4844469864215326,-0.5885226352486218,0.6431402151737593,-0.6785691121728569,0.8159905864283282,0.0
199810,0.9175008329802732,12.0,-7.3874832863022695,0.30880231215775417,0.0,0.0,0.0,0.0,1.0,12.0,0.0,4.84515089747001e-68,-2.5895904096300234e-16,-5.716671401601593e-19,-0.023886404587696183,0.3115523778598468,1.0,10.0,5.0,0.0,0.41652956991387735,0.644033752088001,0.0,1.3294149840382634,0.0,1.4901161427946933e-08,2.9197402444381665e-10,0.0,0.0,0.0,0.0,2.0,0.4804186367918895,2.0,0.0,0.377588719429105,0.6803011268489472,-0.44907855521057405,0.44533377578373723,-0.5837873654518487,0.5523556931387982,0.0
199811,0.8741436307242657,12.0,-5.283508588313274,0.40626895415787345,0.0,0.0,0.0,0.0,1.0,12.0,0.0,9.79236027662167e-69,-3.001428764217821e-16,4.545306085147646e-18,-0.15024322049149091,0.5296608378568111,1.0,9.0,4.0,0.0,0.3521006964403672,0.421189500646115,0.0,1.730438104673351,0.0,1.4901161193847656e-08,2.946004545630463e-10,0.0,0.0,0.0,0.0,2.0,0.49085058496517836,1.0,0.0,0.44947949949820626,0.827065402291044,-0.34963212014840167,0.28611524375499914,-0.42799392847324536,0.2876628029597168,0.0
199812,0.8519385277108033,12.0,-6.217827912401967,0.2129223786809117,0.0,0.0,0.0,0.0,1.0,12.0,0.0,3.829020286645326e-68,2.093458786083118e-17,1.144452699743483e-17,-0.07840781707587678,0.4516053912954536,1.0,8.0,3.0,0.0,0.07146491049779304,0.2006674547479768,0.0,1.0730275224182535,0.0,1.4901161193847656e-08,2.866089737167789e-10,0.0,0.0,0.0,0.0,2.0,0.48851486125437454,2.0,0.0,0.4099111764722472,0.6599988696556206,-0.12883013496460766,0.30532044103116573,-0.42240646905386886,0.40667029289174034,0.0
199901,0.8997979030013771,12.0,-4.952413990614091,0.19049153486457743,0.0,0.0,0.0,0.0,1.0,12.0,0.0,2.2244954474916648e-70,8.794423267884905e-18,8.163920675015017e-21,-0.23795520724038605,0.1391020450995559,1.0,7.0,2.0,0.0,0.2606659146054291,0.5020800694615205,0.0,0.827234121578548,0.0,0.5635373317747597,0.5635373317747597,0.0,0.0,0.0,0.0,2.0,0.37877866979438546,2.0,0.0,0.4803011722018508,0.8420095345629257,-0.36379160287029705,0.49686489633755854,-0.6359346086307739,0.8316444365577028,0.0
199902,0.9134702472500029,12.0,-8.511207740359431,0.1537179866527672,0.0,0.0,0.0,0.0,1.0,12.0,0.0,4.0842222405955375e-69,3.285187000024614e-17,-8.005086058865292e-20,-0.08792709162901433,0.4376261899766804,1.0,6.0,1.0,0.0,0.33205291609867554,0.7543053804458744,0.0,1.1827203467537657,0.0,0.7735445075449953,0.0,0.0,0.0,0.0,0.0,2.0,0.3833126758213749,2.0,0.0,0.3349284724274214,0.7832996601259201,-0.2943952371101127,0.5493327919573396,-0.6791125129900374,0.9104916833278813,0.0
199903,0.8881696664069176,12.0,-0.2307471526741507,0.3476559519009698,0.0,0.0,0.0,0.0,1.0,12.0,0.0,1.9149630155937395e-67,1.9452371938044854e-16,1.04881058240403e-18,-0.5350866634923164,0.42739552008463977,1.0,5.0,12.0,0.0,0.18738700531360056,0.665740951363376,0.0,1.0708542195373936,0.0,0.7596112354463899,8.661814685291868e-15,0.0,0.0,0.0,0.0,2.0,0.4718459042074159,2.0,0.0,0.485758471600264,0.80241295035811,-0.23923131966196132,0.3105382358930056,-0.6242533807424286,0.6811460357799647,0.0
199904,0.9285932690915012,12.0,-7.502013159675155,0.29602770820722946,0.0,0.0,0.0,0.0,1.0,12.0,0.0,3.779399744017692e-68,1.8572217164126692e-16,-1.1171240956284026e-17,-0.09983216943438662,0.3489655567603117,1.0,4.0,11.0,0.0,0.2691315640066837,0.3710474150374839,0.0,5.524152860954232,0.0,1.4901229528783583e-08,2.924821062144608e-10,0.0,0.0,0.0,0.0,2.0,0.5813972440081638,5.0,0.0,0.32251624308614874,0.5121205313046485,-0.28603505394096196,0.40552726011278956,-0.35043969369971284,0.5558276974098278,0.0
199905,0.9345589267476474,12.0,-6.839202152712912,0.32592748187551834,0.0,0.0,0.0,0.0,1.0,12.0,0.0,2.209052659184633e-67,-4.0512901447750973e-17,1.1731313306391717e-17,-0.5332970229006521,0.7734072077210564,1.0,3.0,10.0,0.0,0.47895196789281336,0.7978054478200729,0.0,7.001541901188683,0.0,1.4901161366851022e-08,1.3159657644877295e-08,0.0,0.0,0.0,0.0,2.0,0.5839935383269372,5.0,0.0,0.33221204920642794,0.5512467964318455,-0.47334031354340345,0.6060831399085125,-0.5933027481701165,0.8345445720873981,0.0
199906,0.9462077632229459,12.0,-7.059570412867262,0.2729977705702783,0.0,0.0,0.0,0.0,1.0,12.0,0.0,6.860195363991621e-69,6.717538890114356e-17,-8.811586837097526e-18,0.03533716887465746,0.24530835065681617,1.0,2.0,9.0,0.0,0.4863538678315171,0.9125650152919406,0.0,6.36964325252849,0.0,1.4901204332966085e-08,2.8852442652236364e-10,0.0,0.0,0.0,0.0,2.0,0.5925627831864377,3.0,0.0,0.29122546573738245,0.4671169196846692,-0.4919026077491821,0.6391204382463397,-0.6608559097432596,0.9062753792418942,0.0
199907,0.9335937978059564,12.0,-8.20852924136164,0.1653555045243183,0.0,0.0,0.0,0.0,1.0,12.0,0.0,7.823214274952597e-123,5.9164567891575885e-31,4.437342591868191e-31,-0.2953852021357741,0.33320158565584507,1.0,1.0,8.0,0.0,0.4982815033090502,1.1092638562202322,0.0,4.769028554156038,0.0,0.5139440059480151,4.778288394792888e-16,0.0,0.0,0.0,0.0,2.0,0.5521896742145888,4.0,0.0,0.19548059759712066,0.6763262460436111,-0.41998251150226007,0.7233771782945078,-0.6367245471058303,0.8100754660044007,0.0
199908,0.9220492303576863,12.0,-8.649986282690165,0.1441561234965278,0.0,0.0,0.0,0.0,1.0,12.0,0.0,2.670078701994996e-68,1.0108418945413583e-16,-2.025074921824197e-18,-0.5077370993016647,0.49953555946020967,1.0,11.0,7.0,0.0,0.6584149980532217,0.9049968957294606,0.0,5.141322758103038,0.0,1.4901161193847656e-08,6.959638743201199e-11,0.0,0.0,0.0,0.0,2.0,0.6062167816308359,4.0,0.0,0.1862612076005306,0.5252328134659449,-0.4786360768063841,0.8512765640285328,-0.6265992910481707,1.0591026639287522,0.0
199909,0.8788185195609802,12.0,-8.724959980701936,0.23685043820293264,0.0,0.0,0.0,0.0,1.0,12.0,0.0,1.6301947132564796e-68,3.005421587349076e-16,-8.276712859421344e-18,-0.0890867213763549,0.2917207940391735,1.0,12.0,6.0,0.0,0.6612566981591568,1.049448864110417,0.0,5.3256295398675855,0.0,1.4901161193847656e-08,2.8617043292726026e-10,0.0,0.0,0.0,0.0,2.0,0.5898748591629431,4.0,0.0,0.19603132667746448,0.4887613056563654,-0.49926668919893663,0.9760481129668278,-0.6436749358357451,1.2944400664858904,0.0
199910,0.9047594771078171,12.0,-10.872859451876042,0.24016728151512667,0.0,0.0,0.0,0.0,1.0,12.0,0.0,1.9834658047921898e-69,-5.1451038697261333e-17,1.3574589966371898e-19,-0.4709944459716676,0.36407990668573265,1.0,11.0,5.0,0.0,0.47966200445789864,0.795391573965954,0.0,5.240933910261907,0.0,1.4901161193847656e-08,2.917384644134168e-10,0.0,0.0,0.0,0.0,2.0,0.629671627466564,5.0,0.0,0.11263077687669486,0.4390408037501899,-0.4667623020375762,0.7866217240182293,-0.6091364904355512,1.0034464826335625,0.0
199911,0.9093613255712684,12.0,-8.644167543978252,0.27118245188806667,0.0,0.0,0.0,0.0,1.0,12.0,0.0,0.0,0.0,-0.0,0.0,0.0,1.0,10.0,4.0,0.0,0.3758642820063513,1.0253763720214244,0.0,10.146995449746624,0.0,1.4901161193847656e-08,1.0181152645972825e-08,0.0,0.0,0.0,0.0,2.0,0.6026702643169588,2.0,0.0,0.2012630763468618,0.44217636239991537,-0.49355248114757333,0.5652391857332509,-0.6769061958131277,0.8850991196015141,0.0
199912,0.88011461889626,12.0,-8.643797040459047,0.1927444335019161,0.0,0.0,0.0,0.0,1.0,12.0,0.0,5.085423562114673e-68,-2.510388144831308e-16,-3.777812659623671e-18,-0.07971982929320517,0.2886832085804836,1.0,9.0,3.0,0.0,0.3611697577466959,0.8324874536515647,0.0,12.56842335416644,0.0,1.4901161193847656e-08,2.8679351250666773e-10,0.0,0.0,0.0,0.0,2.0,0.6411497584953435,2.0,0.0,0.1909201476807798,0.3715122293511729,-0.4856540500260007,0.5575719437876658,-0.6912100128671033,0.9614563652080677,0.0
200001,0.7816365606320815,12.0,-8.321080235156455,0.28426924486546723,0.0,0.0,0.0,0.0,1.0,12.0,0.0,1.091428239614291e-69,-1.495221012555606e-17,-7.448852901600674e-18,-0.516747580591961,0.6515742491545458,1.0,12.0,2.0,0.0,0.26497842270849503,0.3952575003526102,0.0,5.23073287331274,0.0,1.4901161193847656e-08,2.91614914760618e-10,0.0,0.0,0.0,0.0,1.0,0.8280416598660293,5.0,0.0,0.053941596839501,0.17254703193957957,-0.39995217738769406,0.36454123689513174,-0.5586273344576773,0.6036975738547402,0.0
200002,0.6445305683970465,12.0,-13.290391801293818,0.16015550686831895,0.0,0.0,0.0,0.0,1.0,12.0,0.0,0.0,0.0,-0.0,0.0,0.0,1.0,11.0,1.0,0.0,0.23287992700063637,0.2544290231901911,0.0,2.1427973799947906,0.0,1.4901161193847656e-08,2.886644188010132e-10,0.0,0.0,0.0,0.0,1.0,0.8295407914436554,6.0,0.0,-0.2789666651414075,0.2567336386606144,-0.4071679282524481,0.39117824308370086,-0.39614673241342174,0.3644128298204368,0.0
200003,0.5707804835479434,12.0,-12.30648158026942,0.2278747042908525,0.0,0.0,0.0,0.0,1.0,12.0,0.0,1.6765854827462078e-68,-3.0146750002751473e-16,1.4528662378506995e-17,0.02244020113856565,0.45351042806604164,1.0,10.0,11.0,0.0,1.0051718314406535,0.8929905029398925,0.0,4.228237553372424,0.0,1.4901161193847656e-08,2.946735903416285e-10,0.0,0.0,0.0,0.0,2.0,0.8422134886673674,5.0,0.0,-0.25410271613940544,0.2616459128568482,-0.5495735933098939,0.5735759287559048,-0.6518766844679456,0.8454405154848242,0.0
200004,0.5531744480238205,12.0,-12.146500363470903,0.12132310701298538,0.0,0.0,0.0,0.0,1.0,12.0,0.0,1.0281384332264715e-67,1.2950978439561762e-16,4.834809674941032e-18,0.12684480548501695,0.4930013820294837,1.0,9.0,10.0,0.0,0.5528033141824572,0.7852548150738421,0.0,5.010805569338015,0.0,1.4901237609175136e-08,2.9410357667075046e-10,0.0,0.0,0.0,0.0,2.0,0.8133968725530057,5.0,0.0,-0.2777079835804052,0.2535003371357824,-0.4586413168646015,0.4051122243808664,-0.6331941110872823,0.8275700029325431,0.0
200005,0.5808822930421718,12.0,-12.336638350760955,0.14934481902779542,0.0,0.0,0.0,0.0,1.0,12.0,0.0,4.991415037252789e-68,6.378018636635522e-17,4.361639391131915e-18,0.22225808636838182,0.47046962935343495,1.0,8.0,9.0,0.0,0.824286736970358,0.7962500004745177,0.0,6.257756912742198,0.0,1.490128315895375e-08,2.9413405693351604e-10,0.0,0.0,0.0,0.0,1.0,0.8106285675826065,5.0,0.0,-0.29092844044737654,0.24585037712137495,-0.5019214028388523,0.40234433419890275,-0.5884699439174828,0.5470759703968783,0.0
200006,0.5810078092180945,12.0,-12.170360444808772,0.14207613408282613,0.0,0.0,0.0,0.0,1.0,12.0,0.0,6.948193283938238e-69,1.7485473052836267e-16,2.6807961311117216e-18,0.21889435949768238,0.5495879420052179,1.0,7.0,8.0,0.0,0.5057483950597585,1.1661706087447012,0.0,6.531856414030344,0.0,1.4901161193847656e-08,2.9077140187084804e-10,0.0,0.0,0.0,0.0,1.0,0.8692045505994841,6.0,0.0,-0.24434139413405448,0.13973676352051295,-0.5040591299341487,0.34617801625904565,-0.6079665684364789,0.4744170116052051,0.0
200007,0.541524043215785,12.0,-11.216374536308017,0.2786245132707147,0.0,0.0,0.0,0.0,1.0,12.0,0.0,4.5361873436459416e-69,2.048120891659631e-17,6.901306364062354e-18,-0.08748942359019349,0.19665165382262514,1.0,6.0,7.0,0.0,0.4982386288712298,0.9355335431481399,0.0,4.252598008227232,0.0,1.490129146364331e-08,2.911667708680404e-10,0.0,0.0,0.0,0.0,1.0,0.8578856921883976,6.0,0.0,-0.07419776397845289,0.1603265465847612,-0.45930405681436776,0.3180065511770886,-0.58591815133734,0.39167995707836906,0.0
200008,0.5946227603314099,12.0,-9.368723808656982,0.3478351131326838,0.0,0.0,0.0,0.0,1.0,12.0,0.0,9.101232250633202e-68,1.478082998624051e-16,-2.116130034159941e-17,0.23939083233046263,0.31713320956625357,1.0,12.0,6.0,0.0,0.32831958901957065,0.7600413830105124,0.0,0.836356394458611,0.0,1.490130564134863e-08,2.9149612005901557e-10,0.0,0.0,0.0,0.0,2.0,0.813272127222775,6.0,0.0,0.14437107889955678,0.2274598063921932,-0.4070173964240622,0.24304602966541017,-0.590069105754124,0.46733424628019493,0.0
200009,0.6585619936203242,12.0,-7.225136446058281,0.4197950919747081,0.0,0.0,0.0,0.0,1.0,12.0,0.0,7.878658236995534e-69,-1.23943363070627e-16,-1.5963710803294868e-17,0.40112234531159296,0.48713166026286,1.0,11.0,5.0,0.0,0.5639741030759647,0.7260617906529757,0.0,1.1539483005344782,0.0,1.4901161193847656e-08,2.9517203543347913e-10,0.0,0.0,0.0,0.0,2.0,0.8132369572918913,5.0,0.0,0.24665197943035136,0.2721370922865458,-0.47275798700561,0.4466699935139763,-0.580937051219768,0.527709568672613,0.0
200010,0.6683022633850364,12.0,-8.545713950717799,0.3883570868888021,0.0,0.0,0.0,0.0,1.0,12.0,0.0,4.432258269238039e-67,1.522458753822116e-16,6.890917023563938e-19,0.10712546150036634,0.5228429451580919,1.0,10.0,4.0,0.0,0.46242293117129263,0.974376879210243,0.0,1.7177035530191793,0.0,1.490122689971418e-08,2.9499579351426487e-10,0.0,0.0,0.0,0.0,1.0,0.7569533594265037,6.0,0.0,0.17369050629016777,0.2886932233358762,-0.4499878793418246,0.38268215298350644,-0.6142253324661034,0.5687475374165706,0.0
200011,0.7040657218701325,12.0,-10.975609868102538,0.24917434244879302,0.0,0.0,0.0,0.0,1.0,12.0,0.0,6.999774062566002e-122,-5.9164567891575885e-31,-1.1339875512552045e-30,-0.2335294117647059,0.40490276816609005,1.0,9.0,3.0,0.0,0.36173067389229263,0.46157209057800686,0.0,1.9775683069261583,0.0,1.4901161193847656e-08,2.919079072142857e-10,0.0,0.0,0.0,0.0,1.0,0.7437335935710087,6.0,0.0,0.06284562177395805,0.21995789053751688,-0.4462521464743846,0.3559470594887717,-0.4586145254484578,0.399228838061958,0.0
200012,0.8028439344199294,12.0,-10.866025366869586,0.14467667892730046,0.0,0.0,0.0,0.0,1.0,12.0,0.0,2.4037836795408873e-68,3.158561693452613e-16,6.973977723868807e-18,0.2024479206281764,0.4122728519436129,1.0,8.0,2.0,0.0,0.16312373588926193,0.12752621915447762,0.0,0.882911567474351,0.0,1.4901161193847656e-08,2.887804069556699e-10,0.0,0.0,0.0,0.0,2.0,0.7732028467612134,5.0,0.0,0.2025390483646452,0.3551227879539844,-0.15435697461577175,0.1909375876536697,-0.22201891867500131,0.17315833061529248,0.0
200101,0.8518740740229626,12.0,-6.014671871144094,0.1769142412729486,0.0,0.0,0.0,0.0,1.0,12.0,0.0,7.091514536808564e-68,-1.7560851765468872e-16,-1.0240887357723384e-18,-0.15750940582016135,0.36888874484443834,1.0,7.0,1.0,0.0,0.207727770277704,1.0671671675515944,0.0,0.04453525481232224,0.0,0.922781949264748,1.583278970803809e-13,0.0,0.0,0.0,0.0,2.0,0.4344927216673639,4.0,0.0,0.4664318668793838,0.8175004475028995,-0.0896541781574813,0.3434237669085599,-0.6677090983384477,1.1666136559640132,0.0
200102,0.9040212271650874,12.0,-7.715503026092378,0.14404197641309407,0.0,0.0,0.0,0.0,1.0,12.0,0.0,2.7250640654489493e-68,1.0638675602274178e-16,1.0303469751645047e-19,0.09681237969771801,0.3403465541962279,1.0,6.0,1.0,0.0,0.25888207860857226,0.6075432174335984,0.0,4.405599047715061,0.0,0.7686915301030075,0.0,0.0,0.0,0.0,0.0,1.0,0.5340857333162197,4.0,0.0,0.39706069561275453,0.816568722122953,-0.25357766840749985,0.5383283736520788,-0.5771137575525187,1.1255012539141163,0.0
200103,0.8656820442554203,12.0,-3.3157247718194824,0.3255152725929386,0.0,0.0,0.0,0.0,1.0,12.0,0.0,2.956947429734298e-70,-8.076738800603081e-18,-2.5640431967120642e-18,-0.32500135981715644,0.37420734824026064,1.0,5.0,12.0,0.0,0.2744773652272679,0.5106990486396606,0.0,4.945787804666306,0.0,1.4901161193847656e-08,2.8797833421225693e-10,0.0,0.0,0.0,0.0,2.0,0.5823987067006385,3.0,0.0,0.44428015686613975,0.6603921622082412,-0.18971527637615399,0.580692189046563,-0.4705949920102625,1.144664624806767,0.0
200104,0.8844184914563737,12.0,-8.336462187190829,0.252665246680085,0.0,0.0,0.0,0.0,1.0,12.0,0.0,7.844906394632686e-70,-1.7588846535770056e-17,-1.2468081876892116e-17,0.11781069787800637,0.3907091633211673,1.0,4.0,11.0,0.0,0.17167915310405657,0.2840255494055521,0.0,5.712102338738405,0.0,1.4901161193847656e-08,2.9175499528347626e-10,0.0,0.0,0.0,0.0,2.0,0.6419820247140686,3.0,0.0,0.3195924609087813,0.48762786857480545,-0.27882683003976594,0.4539671245096939,-0.49447884423734223,0.7555434108207614,0.0
200105,0.8851224327401968,12.0,-6.6702647045568355,0.30857032416686864,0.0,0.0,0.0,0.0,1.0,12.0,0.0,2.452811320348087e-74,1.4637816092240522e-18,-3.4465712216937045e-19,-0.09117342970869126,0.04934145968229398,1.0,3.0,10.0,0.0,0.3047243912227628,0.6386058939850836,0.0,9.12285007184724,0.0,1.490118988800322e-08,1.1690092489407154e-08,0.0,0.0,0.0,0.0,2.0,0.5894266620131909,3.0,0.0,0.36994830526543443,0.596219195200479,-0.5124272399306594,0.5669236840061093,-0.7109607505859169,1.0217370970821855,0.0
200106,0.8703327348254288,12.0,-7.116966603629542,0.2005083814190842,0.0,0.0,0.0,0.0,1.0,12.0,0.0,3.068759921537351e-67,-9.141554502402084e-17,-1.916350726260181e-17,0.11741258218554254,0.5698775981972322,1.0,2.0,9.0,0.0,0.422130707732463,0.798186469266937,0.0,6.135817195714594,0.0,0.5193170955469456,0.5193170955469452,0.0,0.0,0.0,0.0,2.0,0.5430516254551649,4.0,0.0,0.29505884112424585,0.6067847043396806,-0.5565724347671872,0.981216559959389,-0.808198920034002,1.403058747889285,0.0
200107,0.8649804924159628,12.0,-9.47474005445595,0.14597355828451297,0.0,0.0,0.0,0.0,1.0,12.0,0.0,2.59553439380481e-68,-7.175548729370053e-17,7.606092415620396e-19,-0.366396778721705,0.49119806579628106,1.0,1.0,8.0,0.0,0.4373083476777975,0.8297665503728,0.0,5.563076782295415,0.0,0.5957831511328749,4.598749500462271e-14,0.0,0.0,0.0,0.0,2.0,0.5608630806167194,4.0,0.0,0.20213047229998443,0.5786934936346332,-0.538517587021839,0.9733637294969966,-0.847696818245457,1.6164737727580882,0.0
200108,0.847516579104563,12.0,-9.452679300499009,0.20291787571116726,0.0,0.0,0.0,0.0,1.0,12.0,0.0,1.721017343732465e-70,7.150158382322186e-18,7.905941671624909e-19,-0.30985603102465703,0.2991013979537902,1.0,10.0,7.0,0.0,0.5319914246001749,0.9074126406810388,0.0,5.837906812770917,0.0,1.4901161193847656e-08,2.851614748989398e-10,0.0,0.0,0.0,0.0,2.0,0.6433600966762867,4.0,0.0,0.22405439322295492,0.5591673111902333,-0.6376839598308219,0.9194835571034851,-0.863596152550088,1.5630817912411434,0.0
200109,0.9030642183391211,12.0,-9.672208213114521,0.24477335901423317,0.0,0.0,0.0,0.0,1.0,12.0,0.0,4.9241613981218415e-70,6.197168153531331e-17,7.981855401647132e-18,0.40112234531160873,0.4871316602628871,1.0,9.0,6.0,0.0,0.6080078804884052,0.8319265346818034,0.0,5.69707785510618,0.0,1.4901161193847656e-08,2.9074530963003303e-10,0.0,0.0,0.0,0.0,2.0,0.6627659048421358,4.0,0.0,0.2246347162291939,0.5299370509435994,-0.6277410363949817,1.0445908442141691,-0.858430223562827,1.545758600945972,0.0
200110,0.9007514224570665,12.0,-9.357086097076042,0.1784318297320414,0.0,0.0,0.0,0.0,1.0,12.0,0.0,2.678166280243739e-70,3.825855999703346e-18,-1.081464524050854e-18,-0.2297459109346288,0.2553300191270817,1.0,8.0,5.0,0.0,0.5282604678500572,0.8536332264987505,0.0,5.475145510116941,0.0,1.4901161193847656e-08,2.8930658238423843e-10,0.0,0.0,0.0,0.0,2.0,0.6907280034088698,2.0,0.0,0.1932818549429485,0.47427050048852387,-0.5238247748330106,0.7013812565806627,-0.8419246052543456,1.3280419439654518,0.0
200111,0.9212485747129394,12.0,-9.355692034376899,0.1486466441623639,0.0,0.0,0.0,0.0,1.0,12.0,0.0,4.828495418343409e-67,8.903749938790465e-17,-7.925741739930302e-18,0.23558582088833402,0.6463225651336116,1.0,7.0,4.0,0.0,0.5619247336167355,0.7391123746297801,0.0,5.755580029101215,0.0,1.4901161200953085e-08,9.368533457620644e-11,0.0,0.0,0.0,0.0,2.0,0.6934864813071884,2.0,0.0,0.2120985607871541,0.5475122141641865,-0.5628923636881654,0.7615173230607016,-0.7839181932395073,1.0980261998117362,0.0
200112,0.9551664162030861,12.0,-8.895600851689876,0.13496740563051587,0.0,0.0,0.0,0.0,1.0,12.0,0.0,2.064012522038587e-68,-3.017326504088455e-17,-6.394562152791829e-18,-0.264119904427747,0.39247286500962364,1.0,6.0,3.0,0.0,0.4561221548274399,0.9726296172562445,0.0,6.113017136354382,0.0,0.5477220070524976,0.0,0.0,0.0,0.0,0.0,2.0,0.5353859735318048,2.0,0.0,0.20192229431453196,0.7494408128836332,-0.569056739018087,0.8596191447565729,-0.7764505046873591,1.1258397722885192,0.0
200201,0.8920105280953079,12.0,-10.505456511437318,0.1097634692441014,0.0,0.0,0.0,0.0,1.0,12.0,0.0,2.7505834303771152e-70,6.292209252558233e-18,2.288545854701368e-18,-0.41121117704756294,0.4550672882841479,1.0,5.0,2.0,0.0,0.4916234068769332,0.4597385447482195,0.0,6.373964581991101,0.0,1.4901161193847656e-08,2.86144324892859e-10,0.0,0.0,0.0,0.0,2.0,0.751676947260262,5.0,0.0,0.06536254468690925,0.5350812139874471,-0.5404111067785684,0.965674703855627,-0.6344127119772791,1.0594576052299276,0.0
200202,0.8610209079866769,12.0,-15.65321074141128,0.2377362712745738,0.0,0.0,0.0,0.0,1.0,12.0,0.0,3.842148408661627e-68,5.1986368786183714e-18,-1.9046323052116746e-17,-0.3784897241846466,0.37830319297920917,1.0,4.0,12.0,0.0,0.28917131024878,0.43186613584773476,0.0,2.1004008630222537,0.0,1.4901161193847656e-08,2.88818485903641e-10,0.0,0.0,0.0,0.0,2.0,0.7779755355284718,6.0,0.0,-0.09035741779744914,0.4014202838506385,-0.49033137103296753,0.7630280602094004,-0.6045560771840468,0.8741773665726756,0.0
200203,0.8670011327442572,12.0,-6.597740742322744,0.46637627834037476,0.0,0.0,0.0,0.0,1.0,12.0,0.0,7.996853933062019e-71,2.9898551517420314e-18,1.0255732373307457e-18,-0.1450383975239751,0.0908557963740158,1.0,3.0,11.0,0.0,0.6774782297145701,0.96733427659189,0.0,2.9897330849773476,0.0,1.4901161228734995e-08,0.0,0.0,0.0,0.0,0.0,2.0,0.7801580205341946,5.0,0.0,0.2744204976807607,0.4501823172373553,-0.6748608200025074,0.8127001863442428,-0.7738297712032839,1.0198973102837563,0.0
200204,0.81742611169545,12.0,-8.192545935040833,0.38129649484334005,0.0,0.0,0.0,0.0,1.0,12.0,0.0,2.356950920680247e-69,-5.8438258957260946e-18,-5.210377531661497e-18,-0.27535899354482224,0.36081991304203953,1.0,2.0,10.0,0.0,0.317237251410413,0.4584454918157896,0.0,2.997546933643418,0.0,1.4901175814726103e-08,2.9553905395247354e-10,0.0,0.0,0.0,0.0,2.0,0.7704950731689086,3.0,0.0,0.22924729610545183,0.3044371687802664,-0.4449949657899861,0.29368862091942716,-0.6252798380868427,0.5531762589285891,0.0
200205,0.8013693983001527,12.0,-8.669719636614126,0.4975268067670223,0.0,0.0,0.0,0.0,1.0,12.0,0.0,2.943359375385915e-68,5.059773702610787e-17,-5.543618730438938e-18,0.3171739026802952,0.6334236746080143,1.0,1.0,12.0,0.0,0.9084864909442671,0.5995789212467404,0.0,7.930428194012149,0.0,1.4901161193847656e-08,2.966661189587183e-10,0.0,0.0,0.0,0.0,2.0,0.707104702890556,5.0,0.0,0.0815896082148682,0.3806106909326592,-0.5783028731497466,0.5030476309885408,-0.5687140628341126,0.40958949795367905,0.0
200206,0.7366064440061127,12.0,-10.425839243684761,0.4431498561396527,0.0,0.0,0.0,0.0,1.0,12.0,0.0,1.7302789141841556e-68,-9.69997778555507e-19,1.4298976213727207e-18,0.17925605464817998,0.4503080575381301,1.0,1.0,11.0,0.0,0.8204097207398675,0.9856818880745313,0.0,4.1790411640673035,0.0,1.4901200692557742e-08,2.953995825322611e-10,0.0,0.0,0.0,0.0,2.0,0.8131427791526161,7.0,0.0,-0.030682504011251097,0.23883198757827917,-0.6584888404275067,0.7618531116908932,-0.6695168540955214,0.7482579052745237,0.0
200207,0.7155961587816861,12.0,-12.958988509893748,0.4801087300113463,0.0,0.0,0.0,0.0,1.0,12.0,0.0,8.152510054996161e-71,1.3552351379235102e-18,6.188763419028042e-19,-0.22148849350630037,0.3186553104683906,1.0,6.0,10.0,0.0,1.026416746098474,1.0582926803867752,0.0,1.9059874804151027,0.0,1.4901207755336517e-08,2.961066589167281e-10,0.0,0.0,0.0,0.0,1.0,0.6252457082544755,9.0,0.0,-0.18755079557606708,0.4217403300683719,-0.7034031365400579,0.9198269935543495,-0.7363547268469354,1.0075876693584944,0.0
200208,0.7490275193186695,12.0,-15.931513036947758,0.304262689368136,0.0,0.0,0.0,0.0,1.0,12.0,0.0,6.375355974255872e-73,-2.6202911564957036e-18,-3.063767006992953e-19,-0.38552874914180213,0.15619289693897023,1.0,5.0,9.0,0.0,0.7901988146305985,0.9517212343374267,0.0,2.7721111422787987,0.0,1.4901161193847656e-08,2.9422170740527857e-10,0.0,0.0,0.0,0.0,1.0,0.6158107416273975,10.0,0.0,-0.41771602686439574,0.5221446700168616,-0.7016645253001007,0.9842215429681572,-0.7510300541271612,1.1578940805887539,0.0
200209,0.6376265091366247,12.0,-18.39609398476084,0.37955620049073263,0.0,0.0,0.0,0.0,1.0,12.0,0.0,1.6828372317214038e-67,1.2108149072865392e-16,-1.0050902844093974e-17,-0.44298841324277916,0.48146712304967487,1.0,4.0,12.0,0.0,0.6955280144078926,0.7579835753229717,0.0,4.558536100249241,0.0,1.490140920236059e-08,2.949352564237765e-10,0.0,0.0,0.0,0.0,2.0,0.7420877657847572,9.0,0.0,-0.47555195713359116,0.48634455557059864,-0.7024317424871829,0.9046817936947079,-0.7330730809863214,0.995931697782073,0.0
200210,0.6012523902744723,12.0,-14.353826066203553,0.40968331548843023,0.0,0.0,0.0,0.0,1.0,12.0,0.0,4.0805620004877204e-68,1.151523918069686e-17,-4.864909609025397e-18,-0.5426603237019654,0.9653499398867639,1.0,3.0,11.0,0.0,1.1102797613844824,1.1700608338949212,0.0,5.86908306781658,0.0,1.4901161193847656e-08,2.96009343960457e-10,0.0,0.0,0.0,0.0,2.0,0.7143755163705185,7.0,0.0,-0.3390148261755189,0.3860047599216372,-0.7445306911712726,0.876739051113568,-0.7621565321604951,0.9209229001275261,0.0
200211,0.42823061188646944,12.0,-14.436862288504727,0.2561823369860377,0.0,0.0,0.0,0.0,1.0,12.0,0.0,6.720113853715463e-68,1.437631667100989e-16,9.56678436184657e-18,0.07740892272529293,0.28759222931740835,1.0,2.0,10.0,0.0,0.6443702580194479,0.662198198800333,0.0,7.190717238404975,0.0,1.4901570999989497e-08,2.951489057205694e-10,0.0,0.0,0.0,0.0,2.0,0.732990342627221,8.0,0.0,-0.41524591108707726,0.45920012598944426,-0.6049205511920409,0.6320537401249492,-0.6714993325395198,0.6695173030945212,0.0
200212,0.399970058053484,12.0,-14.263793773860069,0.31563635850614974,0.0,0.0,0.0,0.0,1.0,12.0,0.0,5.394592139359259e-68,1.830711221809687e-16,1.043286900723498e-17,-0.24173841015869638,0.3084239104723033,1.0,1.0,9.0,0.0,0.5330581199864138,0.6181360006041775,0.0,9.214152676897617,0.0,1.4901161193847656e-08,2.9487996956736907e-10,0.0,0.0,0.0,0.0,2.0,0.6533466503001155,8.0,0.0,-0.4572504867551115,0.5690757128642782,-0.5614051831797731,0.5722618877944533,-0.6522516607498157,0.6609976188351054,0.0
200301,0.5206864987288394,12.0,-14.56778318923162,0.16181148456967598,0.0,0.0,0.0,0.0,1.0,12.0,0.0,1.632091129409113e-70,-1.048116462597887e-17,1.2255068027944448e-18,-0.38552874914167823,0.1561928969388752,1.0,3.0,8.0,0.0,0.8069820653843557,1.4197499432710718,0.0,4.703114828677419,0.0,1.4901223447476336e-08,2.9451031190502914e-10,0.0,0.0,0.0,0.0,1.0,0.7761640608360476,8.0,0.0,-0.4796340262398793,0.4311655738500651,-0.661771090096366,0.6664410889909508,-0.7815871339314957,0.9787144989283251,0.0
200302,0.560313325227027,12.0,-15.107294775444378,0.3141485550671922,0.0,0.0,0.0,0.0,1.0,12.0,0.0,3.598975679631983e-68,-1.077171018681578e-16,-1.891172331966233e-18,-0.02187453545625219,0.3597690484023266,1.0,2.0,7.0,0.0,0.7471467328569655,0.8449828759912362,0.0,2.923086694300698,0.0,1.4901161193847656e-08,2.953227883234533e-10,0.0,0.0,0.0,0.0,1.0,0.7559837630432746,7.0,0.0,-0.3776309049062125,0.42071279182627186,-0.6693377697803202,0.7213404017547024,-0.7269370936476508,0.8053451844024704,0.0
200303,0.5824642133505958,12.0,-13.25562295176313,0.4103248785804299,0.0,0.0,0.0,0.0,1.0,12.0,0.0,1.1656681964169944e-68,-2.327899009488142e-18,-3.431195448518092e-18,-0.12542210324285866,0.35095866986549856,1.0,1.0,6.0,0.0,0.6698950166502077,0.6576590053668504,0.0,3.1064679192978897,0.0,1.4901161193847656e-08,2.955030399756233e-10,0.0,0.0,0.0,0.0,2.0,0.8396971106117566,5.0,0.0,-0.20753805428467723,0.14721573409604047,-0.6039647608690782,0.5503445160369449,-0.6770286283220129,0.6635511423538653,0.0
200304,0.5745089494581788,12.0,-13.107822350115798,0.20238724836976774,0.0,0.0,0.0,0.0,1.0,12.0,0.0,1.872784257335911e-71,-2.0798992359945188e-18,-7.134422520563949e-19,-0.1450383975239666,0.09085579637401778,1.0,4.0,5.0,0.0,0.5166586217660889,0.6162256679934663,0.0,2.5081261822344287,0.0,1.4901161193847656e-08,2.9459624114611457e-10,0.0,0.0,0.0,0.0,2.0,0.8772782277672728,5.0,0.0,-0.21827313308252203,0.27437380397657135,-0.5005359476296316,0.4626609334346961,-0.6284324618504237,0.6170340984030703,0.0
200305,0.5891922109798772,12.0,-11.622367739015026,0.32003951246223844,0.0,0.0,0.0,0.0,1.0,12.0,0.0,6.668152492681424e-68,-1.0807127953048238e-16,8.534046391860421e-18,-0.15874530528307185,0.32761247150725814,1.0,3.0,4.0,0.0,0.8093995577498337,0.7840840399249647,0.0,1.4839853293536993,0.0,1.4901367692202422e-08,2.9503481958465176e-10,0.0,0.0,0.0,0.0,2.0,0.8789911420345438,5.0,0.0,-0.1829860707906928,0.24857370233187576,-0.5128636557769392,0.5850016379052089,-0.5685074572598743,0.7110959256357453,0.0
200306,0.4698526945732198,12.0,-12.354220748053972,0.1392134786580272,0.0,0.0,0.0,0.0,1.0,12.0,0.0,2.9055588463232776e-69,-1.7904290940187572e-17,-3.684550129599024e-18,-0.41197676736464056,0.6024845227896243,1.0,2.0,3.0,0.0,0.5104002354031685,0.6342837119842408,0.0,1.961984822485509,0.0,1.4901161193847656e-08,2.9281966068223077e-10,0.0,0.0,0.0,0.0,2.0,0.8859029896222352,6.0,0.0,-0.21320205172609824,0.22163620986602336,-0.44989978666652775,0.5446316973965194,-0.456877471830839,0.6328730453693363,0.0
200307,0.4496147220632655,12.0,-13.198795037793143,0.18386812725974996,0.0,0.0,0.0,0.0,1.0,12.0,0.0,2.996454811737416e-70,-4.1597984719885445e-18,1.4268845041125063e-18,-0.1450383975239685,0.0908557963740125,1.0,1.0,2.0,0.0,0.35421599718273755,0.2824687258821136,0.0,0.9299285076698328,0.0,1.490120308746389e-08,2.9283826792571753e-10,0.0,0.0,0.0,0.0,2.0,0.8763722121160425,7.0,0.0,-0.22320151709417219,0.21300962695926035,-0.3085657076677665,0.3071488187451013,-0.3720743802299642,0.3442324571024279,0.0
200308,0.5168552130933372,12.0,-11.854110020007251,0.1621070327477632,0.0,0.0,0.0,0.0,1.0,12.0,0.0,1.88243387715888e-68,9.977181400639824e-18,-1.9922604929418702e-18,-0.47575373683987165,0.5525423705798618,1.0,3.0,1.0,0.0,0.4971328747580467,0.7376289733491163,0.0,2.9644016067248464,0.0,1.4901355302578876e-08,2.91974054246306e-10,0.0,0.0,0.0,0.0,2.0,0.8407088030591153,7.0,0.0,-0.09999965169166729,0.1916008907512236,-0.4485658739412742,0.5925366888395343,-0.6859945504617676,1.0931542949278872,0.0
200309,0.6496307365910633,12.0,-13.208548354349755,0.15340949696300843,0.0,0.0,0.0,0.0,1.0,12.0,0.0,5.299612297295594e-68,1.0458158385341949e-16,4.877535449151483e-18,-0.02491760585581625,0.4095499621933391,1.0,2.0,6.0,0.0,0.6604354219840931,0.6724230808596139,0.0,1.2106533702144446,0.0,1.4901161193847656e-08,2.891097433681246e-10,0.0,0.0,0.0,0.0,2.0,0.7465675915842488,7.0,0.0,-0.08524739518957881,0.31589034288802476,-0.5816088190001052,0.886613025176538,-0.6921156943482621,1.05071698806099,0.0
200310,0.7415606208526914,12.0,-11.84163168046904,0.15552328746179295,0.0,0.0,0.0,0.0,1.0,12.0,0.0,4.985731343617211e-68,1.2178091068040438e-16,1.8892080301024606e-18,0.05759484441849378,0.4401844466552518,1.0,1.0,5.0,0.0,0.5316978553200964,0.8455215542010435,0.0,0.19793387481315552,0.0,1.4901161193847656e-08,2.86709661618734e-10,0.0,0.0,0.0,0.0,2.0,0.7026831024374484,6.0,0.0,0.05330020090086499,0.3312253717340085,-0.5339180811592011,0.7263463077166789,-0.8455873409952058,1.3172475248685327,0.0
200311,0.7215076746656145,12.0,-11.801854541434173,0.31434383188548093,0.0,0.0,0.0,0.0,1.0,12.0,0.0,1.1498990121930376e-68,-1.1808823663373131e-16,2.2856853246681514e-17,0.36123471193943835,0.522142105807345,1.0,9.0,4.0,0.0,0.5990456444408637,0.9471910604475016,0.0,0.9319472291864969,0.0,1.4901219435825685e-08,2.945722063286772e-10,0.0,0.0,0.0,0.0,2.0,0.73971812997382,5.0,0.0,0.05413378535063227,0.38107854923120266,-0.680129756112631,1.0417125818841098,-0.8572783850166577,1.4674609188982612,0.0
200312,0.7567323154022182,12.0,-10.943770942746362,0.20403081704019402,0.0,0.0,0.0,0.0,1.0,12.0,0.0,4.912572008145664e-68,1.655263125262904e-17,-5.744388960737702e-18,-0.08439948451207027,0.4414848429933559,1.0,8.0,3.0,0.0,0.4853486070326192,0.8023313372154597,0.0,1.283490984701498,0.0,1.4901161193847656e-08,2.0720438741568626e-11,0.0,0.0,0.0,0.0,2.0,0.6643611606215835,6.0,0.0,0.037593946598033605,0.3566950053805246,-0.5944710828833862,0.7530900376898795,-0.836671221148763,1.3541447883852535,0.0
200401,0.6893487438680337,12.0,-11.73526804633898,0.25086955728426913,0.0,0.0,0.0,0.0,1.0,12.0,0.0,9.167149106337096e-68,2.701848252823544e-16,1.0693336853419599e-18,-0.33807299353313686,0.7056712354510191,1.0,7.0,2.0,0.0,0.6344900081723827,0.7075897145556749,0.0,2.310175639102155,0.0,1.4901161193847656e-08,2.903146636151621e-10,0.0,0.0,0.0,0.0,2.0,0.6642637241745541,7.0,0.0,-0.13993598063613397,0.34205651267304854,-0.6411281337154201,0.9165327996281287,-0.7399915277023819,1.0972721539568941,0.0
200402,0.6268051869252188,12.0,-16.435300307615886,0.13672723535658624,0.0,0.0,0.0,0.0,1.0,12.0,0.0,6.58867075725704e-70,-8.327515609145506e-18,-1.0872815890797613e-18,-0.16962382946674426,0.1162984497683743,1.0,6.0,1.0,0.0,0.6778361341639606,0.8182102537263818,0.0,4.550878926057795,0.0,1.4901371198598036e-08,2.898400037547021e-10,0.0,0.0,0.0,0.0,1.0,0.7099625977346921,8.0,0.0,-0.4140997951145532,0.699545947311595,-0.7024840730180703,1.1939706616649615,-0.7425711510705224,1.1975641201673684,0.0
200403,0.5905727655055818,12.0,-13.17481430272785,0.34845634130354025,0.0,0.0,0.0,0.0,1.0,12.0,0.0,1.813366891216116e-69,2.5122127723948454e-17,-1.024129101474029e-18,-0.523871852150074,0.4988301752963496,1.0,5.0,12.0,0.0,0.36924969508876376,0.7011864029838504,0.0,2.1581506588149355,0.0,1.4901161193847656e-08,2.909347650184245e-10,0.0,0.0,0.0,0.0,2.0,0.771634673738049,7.0,0.0,-0.10751952958887509,0.15713727974534641,-0.5037940655578961,0.5124613262526606,-0.6965681142975182,1.0283891273828476,0.0
200404,0.6889980671646346,12.0,-11.641796873370668,0.3011498608240597,0.0,0.0,0.0,0.0,1.0,12.0,0.0,4.294690295065812e-68,-2.398221566844497e-16,-3.906127015493273e-18,-0.5154974400741947,0.5932175902438251,1.0,4.0,11.0,0.0,0.5471577439909423,0.5880277590180656,0.0,1.872058116219672,0.0,1.4901331979486614e-08,2.924836791899242e-10,0.0,0.0,0.0,0.0,2.0,0.7590728188592739,6.0,0.0,-0.037039226279264745,0.2175941260574817,-0.504892528607993,0.6143756098223172,-0.5104706681564711,0.6308941224475015,0.0
200405,0.6070156821985616,12.0,-10.675821276018088,0.34739448266634576,0.0,0.0,0.0,0.0,1.0,12.0,0.0,6.834475384484455e-67,-1.342964071995706e-16,-1.6583225229858711e-18,-0.16921761342980063,0.565757682798568,1.0,3.0,10.0,0.0,0.6576630641848991,0.8244531877226542,0.0,1.8587425126880335,0.0,1.4901307692936347e-08,2.9497769253728497e-10,0.0,0.0,0.0,0.0,2.0,0.7515466046340877,5.0,0.0,0.0057755452944959484,0.24358100676901973,-0.4247526331457189,0.5976386803891162,-0.5094897417781455,0.8287898050151702,0.0
200406,0.6708164537033006,12.0,-10.304116414302001,0.1370186060498529,0.0,0.0,0.0,0.0,1.0,12.0,0.0,6.193312427890489e-67,4.376697899015578e-17,-7.418623597922292e-18,-0.3652767640551612,0.3458013458532537,1.0,12.0,9.0,0.0,0.275998112234213,0.6262190664462235,0.0,0.6792672377422946,0.0,1.4901161193847656e-08,2.901764039572615e-10,0.0,0.0,0.0,0.0,2.0,0.7590232303876382,5.0,0.0,0.05999943578876999,0.29247452244584876,-0.2825808798448179,0.43505407649794114,-0.49278405073132686,0.801452623925465,0.0
200407,0.7258691320636783,12.0,-7.600221175293373,0.1433347320809636,0.0,0.0,0.0,0.0,1.0,12.0,0.0,0.0,0.0,-0.0,0.0,0.0,1.0,11.0,8.0,0.0,0.2380580086652822,0.8420831851210029,0.0,1.4921884218191146,0.0,0.4529454696675258,0.0,0.0,0.0,0.0,0.0,2.0,0.7172597262889099,4.0,0.0,0.23808743667808357,0.3510981417882429,-0.3047086206757581,0.2676456705636547,-0.5416729374078582,0.553322667100794,0.0
200408,0.6984674915845798,12.0,-7.346144786310598,0.17874896258641318,0.0,0.0,0.0,0.0,1.0,12.0,0.0,3.234600866229501e-70,5.3177258267428747e-17,7.973691480973035e-18,0.5889596387872377,0.7689144344370564,1.0,12.0,7.0,0.0,0.21579200347442742,0.9600482555649248,0.0,1.9845714935143697,0.0,0.4532919798572998,4.252183381757094e-15,0.0,0.0,0.0,0.0,3.0,0.7069198523765178,4.0,0.0,0.28368995705277017,0.31702356517354924,-0.3160707035398136,0.2309173322878299,-0.5528641868239783,0.5182616064150739,0.0
200409,0.7299388063966314,12.0,-7.5774352805448535,0.23461340030334388,0.0,0.0,0.0,0.0,1.0,12.0,0.0,1.4637906850931119e-67,9.350679078032183e-17,-1.1975337110032208e-17,-0.10165930367863797,0.6743870890828004,1.0,11.0,6.0,0.0,0.2139664514026518,0.6477738303507111,0.0,1.5975522589875186,0.0,1.4901161193847656e-08,2.878991955159744e-10,0.0,0.0,0.0,0.0,3.0,0.7095707259839097,4.0,0.0,0.3151406562940969,0.33118750023959725,-0.31880312236360575,0.20249719607699637,-0.5573947100185429,0.46904774328540677,0.0
200410,0.7704192532179616,12.0,-7.725821247857691,0.2282608827506288,0.0,0.0,0.0,0.0,1.0,12.0,0.0,2.7413338574122583e-67,5.58070545280121e-17,-9.070568359907581e-18,-0.19969679263806442,0.7566817169710784,1.0,10.0,5.0,0.0,0.2020789931934286,0.5278843801769997,0.0,1.9369265388351193,0.0,1.4901161193847656e-08,2.917020839861087e-10,0.0,0.0,0.0,0.0,3.0,0.7270977594176948,5.0,0.0,0.2927394846581351,0.28590756006869217,-0.2900981728845931,0.25326280508251614,-0.4961167627096826,0.3860375809004626,0.0
200411,0.7795372291343988,12.0,-8.236572761142012,0.23640711436872194,0.0,0.0,0.0,0.0,1.0,12.0,0.0,9.240931436148164e-68,1.6852241925392095e-16,-7.115919117579409e-18,-0.16188538541373945,0.2298185564208351,1.0,9.0,4.0,0.0,0.26673536532776754,0.29882709708388333,0.0,1.0044202356779623,0.0,1.490121526554521e-08,2.909738110975545e-10,0.0,0.0,0.0,0.0,3.0,0.7271770527439998,5.0,0.0,0.2940767059982015,0.27897547865620076,-0.18861107331287005,0.24155926687235485,-0.3198645281768749,0.24816493486937133,0.0
200412,0.8359676739988362,12.0,-7.730878841687671,0.13455639463762248,0.0,0.0,0.0,0.0,1.0,12.0,0.0,1.0839337443918502e-67,-2.3477046303745595e-16,-1.1900144304018473e-18,0.1430749273110224,0.3897200468872541,1.0,8.0,3.0,0.0,0.1666155088775902,0.3699489079600511,0.0,1.2700991432882613,0.0,1.490137042415828e-08,2.8716040918352443e-10,0.0,0.0,0.0,0.0,3.0,0.7037715623177005,5.0,0.0,0.4139137756656803,0.591847995424314,-0.05432161151622444,0.21364131941183961,-0.5730691561366493,0.6279085623674694,0.0
200501,0.8413365079554636,12.0,-5.58167539085892,0.18500096758341697,0.0,0.0,0.0,0.0,1.0,12.0,0.0,1.946530579634042e-67,-3.7023633383980614e-17,-1.6948973068573047e-17,-0.21723322557509955,0.5181605024010333,1.0,7.0,2.0,0.0,0.33743927765125487,0.31488196927798523,0.0,1.7188131197014116,0.0,0.6497755729747916,0.0,0.0,0.0,0.0,0.0,3.0,0.6774585114805761,5.0,0.0,0.4565547581921181,0.6448357042094233,-0.3075497735318808,0.43270887038256206,-0.5032389803276891,0.6049348725754033,0.0
200502,0.8250415203812831,12.0,-8.910286891486013,0.1395334588221879,0.0,0.0,0.0,0.0,1.0,12.0,0.0,1.0863086382396426e-67,-1.4526390325834166e-16,-9.717862927594834e-18,-0.35908594869197585,0.7128299602209613,1.0,6.0,1.0,0.0,0.18673963284509415,0.6104011406318443,0.0,2.4963000556815804,0.0,0.9174976634834401,0.0,0.0,0.0,0.0,0.0,3.0,0.6306601913284193,6.0,0.0,0.2690534771815143,0.3891481849488197,-0.08311483151538242,0.4257518256948066,-0.5760024281236779,1.0439224488927383,0.0
200503,0.8931796678792214,12.0,-5.30638343746153,0.2951682909084785,0.0,0.0,0.0,0.0,1.0,12.0,0.0,8.841999912471012e-123,3.944304526105059e-31,5.9164567891575885e-31,-0.26247771836007133,0.36256100641520583,1.0,5.0,12.0,0.0,0.25943645701407,0.8541733300260176,0.0,3.245229895587483,0.0,0.7685280004200622,1.0924905250446624e-13,0.0,0.0,0.0,0.0,2.0,0.5606714562132831,6.0,0.0,0.44935354476857486,0.5151362791747651,-0.20153284789121065,0.33800205001017053,-0.6640395536091867,1.0191147526572977,0.0
200504,0.8946053031072836,12.0,-5.726480420893069,0.3713257337305698,0.0,0.0,0.0,0.0,1.0,12.0,0.0,1.4534029891647706e-70,1.0649208138826986e-17,1.4865935332687222e-18,-0.11544614913935482,0.33156561806560947,1.0,4.0,11.0,0.0,0.24336349014583017,0.36753820169651696,0.0,2.4976576880487316,0.0,1.4901202207112556e-08,2.9427566011781e-10,0.0,0.0,0.0,0.0,2.0,0.5641837561970563,6.0,0.0,0.5077159566547083,0.6795039011615336,-0.2279149608138314,0.36800036689887317,-0.48340230314736665,0.525205393002145,0.0
200505,0.9148609219315756,12.0,-3.142525813794679,0.45538618300936096,0.0,0.0,0.0,0.0,1.0,12.0,0.0,3.542546848546119e-67,-6.598938182062227e-17,-2.169355290565485e-17,0.11387980442589107,0.3614940721548442,1.0,3.0,10.0,0.0,0.6911391961153212,1.0070131516264191,0.0,2.4328947863618953,0.0,1.4901166525581627e-08,2.96217166280792e-10,0.0,0.0,0.0,0.0,2.0,0.6090625063266806,5.0,0.0,0.5238131011865429,0.8220433804072165,-0.37458354382532627,0.4322240257570424,-0.5273865305049564,0.5093407732530982,0.0
200506,0.8232259576652147,12.0,-4.532651763618535,0.3839359099271144,0.0,0.0,0.0,0.0,1.0,12.0,0.0,1.9099644225958488e-126,7.395570986446986e-32,5.546678239835239e-32,-0.2953852021357741,0.33320158565584507,1.0,2.0,9.0,0.0,0.33227506759718495,0.6628941380886662,0.0,2.4685100944889666,0.0,1.4901161193847656e-08,2.9234119998728966e-10,0.0,0.0,0.0,0.0,2.0,0.6820078881055244,6.0,0.0,0.4407608563800308,0.5448048350149631,-0.3646022278347289,0.4247412318072356,-0.5589488013446822,0.5815816053415553,0.0
200507,0.7847321923936785,12.0,-7.099567986786381,0.2729171766090958,0.0,0.0,0.0,0.0,1.0,12.0,0.0,4.24271825478713e-68,-9.21093578892612e-18,5.589051347518498e-18,-0.20166438851529161,0.509913588578631,1.0,1.0,8.0,0.0,0.14548009423522576,0.9659899663373781,0.0,4.891231438451211,0.0,1.4901231670940925e-08,3.481851482066495e-10,0.0,0.0,0.0,0.0,2.0,0.6658520197977473,6.0,0.0,0.24341729589674757,0.30752600117292844,-0.2705647552043193,0.2170068133956657,-0.6632614738852521,0.6857458432578587,0.0
200508,0.8764974462491586,12.0,-9.34222179057227,0.14765756061654747,0.0,0.0,0.0,0.0,1.0,12.0,0.0,2.0134711375299765e-69,-2.5966757282612612e-17,2.1097502624648275e-18,-0.18114855806782826,0.5073900983439217,1.0,12.0,7.0,0.0,0.15654917436719562,0.7601376496601336,0.0,2.0235749912515235,0.0,0.5454500906346832,0.0,0.0,0.0,0.0,0.0,2.0,0.6853753321005528,6.0,0.0,0.16834215766913108,0.3704651764172347,-0.358821494931616,0.34805834839646743,-0.639442100927443,0.7064204409563355,0.0
200509,0.8554355921567193,12.0,-2.939926055639263,0.2828646326412735,0.0,0.0,0.0,0.0,1.0,12.0,0.0,9.303533922023409e-69,1.2515536625579477e-16,7.427390508244401e-18,-0.18958037137937153,0.30163203898803326,1.0,12.0,6.0,0.0,0.20304123382154526,0.7068626987421366,0.0,2.651723575510944,0.0,0.7454952786074976,2.5502166909361232e-14,0.0,0.0,0.0,0.0,2.0,0.679817618624078,5.0,0.0,0.40828934593098437,0.4706253337633744,-0.27243360850647497,0.3363288976797574,-0.6456705689434231,0.7834016574251109,0.0
200510,0.8839822321439066,12.0,-4.833490867038413,0.2867801229020278,0.0,0.0,0.0,0.0,1.0,12.0,0.0,5.8158572280663e-70,-5.507660548041991e-17,-6.246505786941413e-18,0.31764386723257787,0.32761875801682566,1.0,11.0,5.0,0.0,0.2324963031522595,0.5193584521971957,0.0,0.3437777660031868,0.0,1.4901202258677487e-08,2.867078182205426e-10,0.0,0.0,0.0,0.0,2.0,0.49694500277033166,4.0,0.0,0.5436957707546868,0.782550675273398,-0.29273640062193174,0.5287108078168036,-0.49870519448707723,0.8137103604928533,0.0
200511,0.855721932826933,12.0,-5.45054413671464,0.26458748326539716,0.0,0.0,0.0,0.0,1.0,12.0,0.0,9.928603786187626e-124,1.4791141972893971e-31,2.2186712959340957e-31,-0.29833561331509334,0.44668056540636564,1.0,10.0,4.0,0.0,0.19433179434645045,0.4647544351498505,0.0,0.04235609873286889,0.0,1.4901272074276163e-08,2.911630277234341e-10,0.0,0.0,0.0,0.0,2.0,0.5395592540720806,4.0,0.0,0.5173557015750491,0.6822348519692171,-0.09904257027118481,0.34239479060019784,-0.4143049091327581,0.6839712512381915,0.0
200512,0.8692721895246505,12.0,-6.139160228813809,0.2015391924234583,0.0,0.0,0.0,0.0,1.0,12.0,0.0,1.8269299848618421e-68,-4.2108634192222464e-17,-6.879961918753758e-18,-0.21806900846415844,0.528009019819494,1.0,9.0,3.0,0.0,0.1707474891403528,0.22172826397467876,0.0,0.3612409174725138,0.0,0.9999999850988388,0.0,0.0,0.0,0.0,0.0,2.0,0.562500856276652,3.0,0.0,0.5362755054771599,0.7455350505788579,0.07680788059555942,0.3328596036163523,-0.2514597335234353,0.37703719827487464,0.0
200601,0.8870188523930259,12.0,-4.43707970143018,0.2527205500298794,0.0,0.0,0.0,0.0,1.0,12.0,0.0,9.480970302764968e-71,-3.1198488539924438e-18,1.0701633780836433e-18,-0.14503839752403633,0.09085579637401865,1.0,8.0,2.0,0.0,0.14447737715326792,0.3360887416684163,0.0,1.1748248362531617,0.0,0.9999999850988388,1.2504084853714727e-13,0.0,0.0,0.0,0.0,2.0,0.5169615149270887,3.0,0.0,0.5944651551491514,0.7744769803000852,0.03311741867752378,0.1814242925939338,-0.37369803556792697,0.34230560654348824,0.0
200602,0.9269770562365208,12.0,-6.103808182459973,0.15117860651653053,0.0,0.0,0.0,0.0,1.0,12.0,0.0,1.2061498960141697e-66,4.655798018976395e-18,1.4423568674846544e-17,-0.17036834540247747,0.08507933217474721,1.0,7.0,1.0,0.0,0.019796733837834483,0.6387038093344044,0.0,1.245014386319239,0.0,0.8923403706853987,9.439001313721312e-14,0.0,0.0,0.0,0.0,1.0,0.5342157396853341,4.0,0.0,0.4399406727557784,0.7644161324425561,-0.07009059842379431,0.15764498887815614,-0.3316492959296292,0.35729605604821385,0.0
200603,0.8787106118984644,12.0,-3.333682926360245,0.2036966485919939,0.0,0.0,0.0,0.0,1.0,12.0,0.0,3.055943076153358e-125,1.4791141972893971e-31,1.1093356479670479e-31,-0.2953852021357741,0.33320158565584507,1.0,6.0,12.0,0.0,0.12389582873518216,0.27806248269029493,0.0,0.7888590432057193,0.0,0.9999999850988067,1.2449901727840615e-13,0.0,0.0,0.0,0.0,1.0,0.5365108265418481,4.0,0.0,0.470817018687126,0.6053856012620179,0.168079231281688,0.2179479969898985,-0.22239543908668402,0.23227895969814563,0.0
200604,0.836563351427966,12.0,-7.346378805918125,0.1856156281568785,0.0,0.0,0.0,0.0,1.0,12.0,0.0,1.4591386629099117e-67,-2.0602609256257258e-17,-1.7552398077025297e-18,0.07578725000303221,0.3992170444893063,1.0,5.0,11.0,0.0,0.13116630414404484,0.24144338928106662,0.0,3.70052578714013,0.0,1.4901161193847656e-08,2.87326889118967e-10,0.0,0.0,0.0,0.0,1.0,0.6934100455204857,5.0,0.0,0.31904658319847395,0.3892869452838844,-0.07327490662114378,0.30794132175888655,-0.07053272504100754,0.435981372365463,0.0
200605,0.8073546339219735,12.0,-7.668450514978778,0.32578602848818194,0.0,0.0,0.0,0.0,1.0,12.0,0.0,2.4040660680400952e-68,1.2268784810199708e-16,-5.789498308777272e-18,-0.5410913275575372,0.6221074904774317,1.0,4.0,10.0,0.0,0.31506408780464734,0.5845231963877253,0.0,3.3030418768634853,0.0,1.4901168146451526e-08,2.940057206105351e-10,0.0,0.0,0.0,0.0,1.0,0.6950816280751224,6.0,0.0,0.27239797201300353,0.32899232350003527,-0.34486983561717416,0.28507258471156105,-0.422044177773888,0.4117186572738435,0.0
200606,0.8516084877120136,12.0,-9.198473501138967,0.22841467522579428,0.0,0.0,0.0,0.0,1.0,12.0,0.0,1.1420681899930869e-68,-7.828073988156223e-17,-5.208270582943168e-18,-0.47948151029504316,0.9032932875444295,1.0,3.0,9.0,0.0,0.20285442568194775,0.6183478464794511,0.0,1.4400025220068053,0.0,1.4901176303151307e-08,2.894602247193666e-10,0.0,0.0,0.0,0.0,1.0,0.6796582829781532,4.0,0.0,0.16130529082441994,0.29517444649820773,-0.4307099431020722,0.2528835429508602,-0.5983826498062016,0.45761744595356774,0.0
200607,0.8413256550811344,12.0,-7.991472477120936,0.18386173364854042,0.0,0.0,0.0,0.0,1.0,12.0,0.0,4.658521733591139e-68,1.0445407393482026e-16,6.805976477520847e-18,-0.1817322677901037,0.26882430260061346,1.0,2.0,8.0,0.0,0.3014654776615613,0.6675163570862259,0.0,2.139183573531643,0.0,1.4901161193847656e-08,0.0,0.0,0.0,0.0,0.0,1.0,0.6588999638599643,4.0,0.0,0.19646671318189635,0.3366493469741116,-0.5231866177151748,0.3800761972598836,-0.6828652130829891,0.5991613361742821,0.0
200608,0.7875931580647516,12.0,-9.759211368445902,0.1462892365614665,0.0,0.0,0.0,0.0,1.0,12.0,0.0,9.689974880445503e-67,-3.8898114725865783e-17,-1.2319882961210012e-17,0.0019017556286933046,0.15409836491135995,1.0,1.0,7.0,0.0,0.25712023517804516,0.9040418935521053,0.0,2.3258903119275174,0.0,1.4901448067888013e-08,2.828711469046338e-10,0.0,0.0,0.0,0.0,1.0,0.6788696378270452,4.0,0.0,0.08829377518510956,0.3021858164416239,-0.486357202247606,0.3128890467582392,-0.7389579726548503,0.6672870307877563,0.0
200609,0.738841654000074,12.0,-11.74308121357968,0.24013101297431183,0.0,0.0,0.0,0.0,1.0,12.0,0.0,1.193578564622678e-66,1.7979822993608738e-17,-1.4423568674846177e-17,-0.17709689405669618,0.09023873440529874,1.0,9.0,6.0,0.0,0.45821064433733344,1.1023285637762896,0.0,1.6380166167654453,0.0,1.4901161193847656e-08,2.884118424626178e-10,0.0,0.0,0.0,0.0,1.0,0.7431390152992764,4.0,0.0,0.030607727434846747,0.3080378683642465,-0.5855671900121138,0.4620655291193642,-0.7340103880834314,0.6673094931845188,0.0
200610,0.734143321847028,12.0,-11.093354723690407,0.30578672729360795,0.0,0.0,0.0,0.0,1.0,12.0,0.0,3.7338537938078707e-69,1.7588846535769563e-17,1.104535575076913e-17,-0.31194792096418195,0.3592258084863767,1.0,8.0,5.0,0.0,0.6535149697107657,0.9620086840116984,0.0,1.5677757885150367,0.0,1.4901395118254424e-08,2.9343897812425363e-10,0.0,0.0,0.0,0.0,1.0,0.7526974785764003,6.0,0.0,0.059683528217016175,0.28583604506431054,-0.6274584857134563,0.7276144899811573,-0.7456967729099923,0.8464343073993019,0.0
200611,0.7549290904853501,12.0,-11.35606096253098,0.26768291266920297,0.0,0.0,0.0,0.0,1.0,12.0,0.0,3.855081490246197e-67,1.7846855121696653e-16,2.571331247450554e-18,-0.05401122304424898,0.1904124044957693,1.0,7.0,4.0,0.0,0.572892334851165,0.9947334466934431,0.0,1.2773913607006353,0.0,1.490141616496041e-08,2.928620432567322e-10,0.0,0.0,0.0,0.0,1.0,0.7295186126593736,6.0,0.0,0.04228892007426043,0.3248585403192403,-0.6047736438325136,0.6123833412507056,-0.7354836504089219,0.7944284908021985,0.0
200612,0.7969996505268824,12.0,-11.320850782842607,0.157663410407973,0.0,0.0,0.0,0.0,1.0,12.0,0.0,1.0200569558807491e-71,-5.240582312989336e-18,6.127534013974812e-19,-0.38552874914167123,0.15619289693886498,1.0,6.0,3.0,0.0,0.4539703893429015,0.9083125807941252,0.0,2.236115529466764,0.0,1.490143199427357e-08,2.8806474177823246e-10,0.0,0.0,0.0,0.0,1.0,0.6938210594328079,5.0,0.0,0.06275978571650132,0.3487541888102622,-0.5476623904169787,0.5398043890336143,-0.788249990934872,0.9548251623017151,0.0
200701,0.8473004873738519,12.0,-9.720380351816576,0.17244091141892134,0.0,0.0,0.0,0.0,1.0,12.0,0.0,4.202221615423043e-68,3.4155990747926133e-16,1.2810679030629804e-18,-0.3462361037823695,0.44592554554768477,1.0,5.0,2.0,0.0,0.6403844580274113,0.7639925260381795,0.0,1.7750102292644494,0.0,1.4901161426842084e-08,3.148300040058571e-11,0.0,0.0,0.0,0.0,1.0,0.6472930929141251,4.0,0.0,0.09295465482225067,0.4031795956495239,-0.683137884332793,0.8978798890279956,-0.7587962274346697,0.9742694720087701,0.0
200702,0.8308161400754636,12.0,-14.144253664688065,0.14596887145623233,0.0,0.0,0.0,0.0,1.0,12.0,0.0,4.885274653434804e-68,-2.1361176880844464e-16,-2.1373005599286084e-17,-0.3217260476954406,0.49338828081668457,1.0,4.0,1.0,0.0,0.5212810256091776,0.6014810824535076,0.0,3.316172274343295,0.0,1.4901270635174915e-08,2.8291316669619014e-10,0.0,0.0,0.0,0.0,1.0,0.6425469004188624,4.0,0.0,-0.05943099735408513,0.49273416716761254,-0.5590616885515264,0.7274956951383483,-0.6770933298803985,0.7912351318614244,0.0
200703,0.8300322991395188,12.0,-6.87631311587751,0.39317171248768185,0.0,0.0,0.0,0.0,1.0,12.0,0.0,1.5051232143590761e-69,2.408461435806552e-17,4.1769789464637155e-18,-0.20646095781840834,0.2284374610880318,1.0,3.0,12.0,0.0,0.31013481532970527,0.427204529950336,0.0,0.7951626689983576,0.0,1.4901161193847656e-08,2.9087367512771657e-10,0.0,0.0,0.0,0.0,1.0,0.6173531662411916,3.0,0.0,0.23603752310325446,0.47806084021468453,-0.47845371839344675,0.48276478723902344,-0.546326942620697,0.5594979322451253,0.0
200704,0.9116073179623351,12.0,-9.692776520142706,0.29563447202067944,0.0,0.0,0.0,0.0,1.0,12.0,0.0,3.1613374075240943e-68,1.018793536243849e-16,6.740663378260309e-19,-0.46454450139051917,0.7439673272213557,1.0,2.0,11.0,0.0,0.133802897188326,0.17787685408328102,0.0,1.794949983986534,0.0,1.4901161193847656e-08,2.9217942131616245e-10,0.0,0.0,0.0,0.0,1.0,0.6026274320886601,3.0,0.0,0.23405029013724124,0.4530856692266759,-0.24447733196051255,0.49681551184165196,-0.25726352988020135,0.44634201306018834,0.0
200705,0.9088349900212809,12.0,-5.944568723475978,0.4594015378069583,0.0,0.0,0.0,0.0,1.0,12.0,0.0,7.823214274952597e-123,5.9164567891575885e-31,4.437342591868191e-31,-0.2953852021357741,0.33320158565584507,1.0,1.0,10.0,0.0,0.7040451878633767,0.618768803605921,0.0,5.808318970649629,0.0,1.4901560276465862e-08,1.2625008503794893e-08,0.0,0.0,0.0,0.0,1.0,0.6081760876195815,3.0,0.0,0.3037311247957044,0.7057376661901601,-0.550228615110684,0.5295083001115569,-0.5386536534769443,0.493855272641474,0.0
200706,0.8856069817003247,12.0,-9.656700337684457,0.2790244523221223,0.0,0.0,0.0,0.0,1.0,12.0,0.0,3.898350429357407e-68,5.813682189311597e-17,1.589271906997002e-17,-0.15333132773428548,0.48945558936182243,1.0,3.0,9.0,0.0,0.48201066323873526,0.9049045241813052,0.0,2.654915681980912,0.0,1.4901230419137356e-08,2.8907044943800207e-10,0.0,0.0,0.0,0.0,2.0,0.5786561923455954,4.0,0.0,0.11769997419505844,0.44129149210561325,-0.5967855894824562,0.6390522334457138,-0.6915046265921238,0.7599804192441005,0.0
200707,0.8229829303349032,12.0,-9.71282552814845,0.18289243367404934,0.0,0.0,0.0,0.0,1.0,12.0,0.0,8.841999912471012e-123,-3.944304526105059e-31,-5.9164567891575885e-31,-0.26247771836007133,0.36256100641520583,1.0,2.0,8.0,0.0,0.4888439498049742,0.8662721749740783,0.0,2.4198556415811363,0.0,1.4901161193847656e-08,1.2739038552847088e-10,0.0,0.0,0.0,0.0,2.0,0.6049290351306299,4.0,0.0,0.08537039524936159,0.36739228815358826,-0.6318385557534653,0.697283749770693,-0.7520619088710496,0.9391873118201152,0.0
200708,0.7931243324755016,12.0,-11.117134304489442,0.15800027402000977,0.0,0.0,0.0,0.0,1.0,12.0,0.0,1.2517142839924155e-121,-1.1832913578315177e-30,-8.874685183736383e-31,-0.2953852021357741,0.33320158565584507,1.0,12.0,7.0,0.0,0.49426850644078646,1.480466193968018,0.0,1.630032568376663,0.0,0.42888330107032324,0.0,0.0,0.0,0.0,0.0,1.0,0.6052605590367178,4.0,0.0,0.05609910817519227,0.4508612875709724,-0.6038903780552809,0.6792565362260577,-0.8054362872398945,0.9971049782926041,0.0
200709,0.7574822749650633,12.0,-8.232021563066082,0.3072794051619286,0.0,0.0,0.0,0.0,1.0,12.0,0.0,6.558269196670189e-69,6.903148808251884e-17,6.562182766791751e-18,-0.463489657540218,0.7358356739580892,1.0,12.0,6.0,0.0,0.6229237815661657,1.5156733360974117,0.0,4.426776969023297,0.0,1.4901161193847656e-08,9.165940449112028e-24,0.0,0.0,0.0,0.0,2.0,0.5851847244160433,4.0,0.0,0.21891169295497953,0.49107976215504046,-0.6398946354434173,0.6281934306486804,-0.8103832153662534,0.9342002392020232,0.0
200710,0.8249180886661844,12.0,-11.037441197621746,0.24868364889553468,0.0,0.0,0.0,0.0,1.0,12.0,0.0,7.703404158195702e-69,-1.5204932782284404e-16,-1.3858956246581233e-17,0.3092565838086859,0.46981315685644026,1.0,11.0,5.0,0.0,0.34189787089989326,0.5424268981942042,0.0,2.030472747039198,0.0,1.4901401221209934e-08,2.9273516464742505e-10,0.0,0.0,0.0,0.0,1.0,0.6007932622713421,6.0,0.0,0.04749949509759403,0.3559192734753972,-0.4638753416624312,0.6973025468398087,-0.6319572052165012,0.7841483441619947,0.0
200711,0.8330538456344305,12.0,-10.636373641095883,0.243919178951106,0.0,0.0,0.0,0.0,1.0,12.0,0.0,5.690393535496352e-69,1.6632899876499468e-17,-6.4903870407506214e-18,-0.24079994909518154,0.45349651883558506,1.0,10.0,4.0,0.0,0.4608475276691333,0.7840790428451822,0.0,1.9684757115073708,0.0,1.4902854151066908e-08,1.3166070063860354e-08,0.0,0.0,0.0,0.0,1.0,0.6336430316114098,6.0,0.0,0.06622086147205644,0.3276045310445496,-0.543456134880702,0.7515880420668861,-0.6595093873574437,0.8975421428251914,0.0
200712,0.8621114620016316,12.0,-10.737493444482311,0.1564703739561068,0.0,0.0,0.0,0.0,1.0,12.0,0.0,1.1078384488289865e-68,-6.81746168780759e-17,1.8057133224409443e-17,0.11495141896902947,0.35256442541472854,1.0,9.0,3.0,0.0,0.3880117478990966,0.8743655318309866,0.0,2.5281781483681347,0.0,1.4901161193847656e-08,2.8831993178758543e-10,0.0,0.0,0.0,0.0,1.0,0.6585682192464694,5.0,0.0,0.0794796088400824,0.3678908101833039,-0.5372472265460734,0.7018401950479083,-0.7442030688963152,1.0980997373378707,0.0
200801,0.9053176751571439,12.0,-9.722770616103556,0.15528354180855777,0.0,0.0,0.0,0.0,1.0,12.0,0.0,1.3118389498647216e-69,-7.807914604304819e-17,1.0743194339339852e-17,0.25860607339932074,0.448402853776767,1.0,8.0,2.0,0.0,0.47037556019753873,0.8287037753820792,0.0,2.6947759783630185,0.0,1.4901313139616893e-08,2.8461879786067553e-10,0.0,0.0,0.0,0.0,1.0,0.6364016454523822,6.0,0.0,0.09837372507801144,0.4012986161828602,-0.6061404786212846,0.8393417023444452,-0.7459850968582502,1.1530851999734686,0.0
200802,0.9168369239990294,12.0,-12.15831519883078,0.14164192085535915,0.0,0.0,0.0,0.0,1.0,12.0,0.0,4.170930946260548e-69,-4.688661006204066e-17,-2.5609907394458946e-18,-0.07825756676031437,0.6347186716326627,1.0,7.0,1.0,0.0,0.3681437660650485,0.7983842087572781,0.0,2.062670091957678,0.0,1.4901161193847656e-08,2.8391399751255094e-10,0.0,0.0,0.0,0.0,1.0,0.6303080439546389,6.0,0.0,0.006093008261979187,0.40482540337393136,-0.5182081706858709,0.6838037380094203,-0.6757369813087697,0.9870141807819375,0.0
200803,0.8898889102812143,12.0,-9.227563473040018,0.29507388218839864,0.0,0.0,0.0,0.0,1.0,12.0,0.0,4.785278306405249e-69,-8.424620033126776e-18,-3.1502072052895097e-18,-0.35032247127579763,0.4586254377572908,1.0,6.0,12.0,0.0,0.5099589286557413,0.6350163965527876,0.0,3.686369683879516,0.0,1.4901322959685565e-08,2.9056830324228525e-10,0.0,0.0,0.0,0.0,2.0,0.6679132250104073,5.0,0.0,0.1831181049729623,0.29468860653964657,-0.48646481244249024,0.4943397894628756,-0.6132823535150622,0.6722623567323435,0.0
200804,0.9594345728195117,12.0,-9.561003953495344,0.23727469066767212,0.0,0.0,0.0,0.0,1.0,12.0,0.0,2.54788228770319e-70,-1.3124979187079202e-17,1.0630390519068741e-18,-0.16218006374697366,0.36978515389831773,1.0,5.0,11.0,0.0,0.1760821486286728,0.4951122003434526,0.0,7.499186230723915,0.0,1.4901174368608587e-08,2.9158744100678943e-10,0.0,0.0,0.0,0.0,2.0,0.6643328716039154,5.0,0.0,0.2282369756911875,0.3048884228721549,-0.32422453949049024,0.33497686617353434,-0.5526190502192365,0.45279019756555094,0.0
200805,0.9681837400679939,12.0,-6.732557230964026,0.2858082382564784,0.0,0.0,0.0,0.0,1.0,12.0,0.0,4.439020142083235e-69,3.079014630987876e-18,-1.4355048015536704e-18,-0.3607162496760428,0.5358675375799968,1.0,4.0,10.0,0.0,0.22755607843048348,0.9606616607006273,0.0,10.612696291431675,0.0,1.4901161193847656e-08,1.0783669048161178e-09,0.0,0.0,0.0,0.0,2.0,0.6102038454396214,2.0,0.0,0.3364420177795507,0.42022171067943753,-0.3249122955943339,0.24905305972947608,-0.571058839695911,0.43546034774764114,0.0
200806,0.9236010543577263,12.0,-6.672206710887142,0.17450163687021675,0.0,0.0,0.0,0.0,1.0,12.0,0.0,6.123597253824819e-68,-1.1693832468038727e-16,4.679182334488288e-18,0.1683765688903509,0.9081264602812367,1.0,3.0,9.0,0.0,0.1461478032699239,0.5765433343934304,0.0,18.221019874025952,0.0,0.4803997197357008,0.0,0.0,0.0,0.0,0.0,2.0,0.6117771435405933,2.0,0.0,0.33656767614253963,0.475900839959853,-0.28147629213494363,0.20431406326030138,-0.5835027696621237,0.47699085267824953,0.0
200807,0.8891848403880037,12.0,-6.538201495713518,0.14817287636706503,0.0,0.0,0.0,0.0,1.0,12.0,0.0,2.4422160204283334e-69,1.5592145470111112e-17,6.960137253508053e-18,-0.2279799935053455,0.21954451252635251,1.0,2.0,8.0,0.0,0.15226007636622035,0.6715880127064787,0.0,13.671196897957929,0.0,0.6736570019516656,0.0,0.0,0.0,0.0,0.0,2.0,0.5840333575828114,2.0,0.0,0.3375581840259297,0.4944807109354845,-0.3395419634215089,0.24865172178725176,-0.6240577913498542,0.5573676531722205,0.0
200808,0.8954424464069685,12.0,-10.573581511618467,0.23956650640498953,0.0,0.0,0.0,0.0,1.0,12.0,0.0,9.480970302763895e-71,-3.119848853991162e-18,-1.0701633780838651e-18,-0.14503839752399458,0.09085579637402269,1.0,1.0,7.0,0.0,0.11347112775751209,0.31779783176733506,0.0,16.513944974810006,0.0,0.5836772438816208,0.0,0.0,0.0,0.0,0.0,2.0,0.5699382900920342,2.0,0.0,0.2427951903496159,0.44631146364035845,-0.20343654922048615,0.26528481130440684,-0.36339209251086907,0.367674974689434,0.0
200809,0.9012947022809898,12.0,-4.032293000354383,0.41161214416083347,0.0,0.0,0.0,0.0,1.0,12.0,0.0,2.8291952431006947e-68,-1.0972779925093731e-16,6.3117190629793406e-18,-0.25381775883226926,0.23834649832679075,1.0,11.0,6.0,0.0,0.24465247136552243,0.16781409807689893,0.0,9.809804000989603,0.0,1.4901171481154188e-08,2.9412089553917154e-10,0.0,0.0,0.0,0.0,2.0,0.5495634738234435,1.0,0.0,0.614990434005993,0.9490859166213492,-0.2631003745528391,0.3187645437614153,-0.38328595263291493,0.38831818742946733,0.0
200810,0.9301582343137917,12.0,-2.4073224169666876,0.4022397804044918,0.0,0.0,0.0,0.0,1.0,12.0,0.0,8.796031397302535e-69,-2.9646159910067036e-16,4.609747392101983e-18,-0.2646472671927148,0.15394213315166005,1.0,10.0,5.0,0.0,0.2675068099377117,0.5913682150229406,0.0,10.453097071806786,0.0,1.4901161193847656e-08,2.9450013260923663e-10,0.0,0.0,0.0,0.0,2.0,0.3757332608955554,1.0,0.0,0.6381169983408486,1.2970347749150721,-0.3546822966553301,0.34340681016007213,-0.574230628930308,0.5811218633334796,0.0
200811,0.9274741765901213,12.0,-3.148736796402136,0.4035548272062187,0.0,0.0,0.0,0.0,1.0,12.0,0.0,7.823214274952597e-123,-5.9164567891575885e-31,-4.437342591868191e-31,-0.2953852021357741,0.33320158565584507,1.0,9.0,4.0,0.0,0.26026883758587915,0.6582237885787114,0.0,7.434457103938024,0.0,1.490116509985164e-08,2.945594040387108e-10,0.0,0.0,0.0,0.0,2.0,0.369469385280432,1.0,0.0,0.6505316738508309,1.295339812462018,-0.40322683084566346,0.3434546958276705,-0.6555401538894846,0.6648142354026533,0.0
200812,0.8941799151715099,12.0,-4.3100519616919675,0.25788786068192204,0.0,0.0,0.0,0.0,1.0,12.0,0.0,2.9087242010788846e-68,-2.27832506006359e-17,-3.727752657478881e-18,-0.19079305212012979,0.30980304710192325,1.0,8.0,3.0,0.0,0.10117492141345784,0.3622718017252093,0.0,2.174905476117823,0.0,0.6192864112993702,0.6192864112993702,0.0,0.0,0.0,0.0,2.0,0.37110054116876995,2.0,0.0,0.527602772684477,0.8555387611775275,-0.11906491592125207,0.20631030161497255,-0.5412556845806921,0.4594043366106135,0.0
200901,0.8618868249783695,12.0,-4.786851236386232,0.21557517465998535,0.0,0.0,0.0,0.0,1.0,12.0,0.0,1.844075801343954e-68,-6.10830144569478e-17,2.7609976032286e-18,-0.5110024855837323,0.7128960992407922,1.0,7.0,2.0,0.0,0.24527277257785335,0.46622576106242997,0.0,1.3024133308522206,0.0,0.7171450218299141,1.012691319502982e-14,0.0,0.0,0.0,0.0,2.0,0.44528251723451956,2.0,0.0,0.4595545446139788,0.7133126947424365,-0.3149547222659831,0.29139551405393155,-0.5380400048764391,0.4265896453331617,0.0
200902,0.8591365768603342,12.0,-8.390420225116774,0.15749202668157816,0.0,0.0,0.0,0.0,1.0,12.0,0.0,3.8934912167560073e-70,-1.686741358094717e-18,1.2336707234685692e-18,-0.24247500731807656,0.3606035501846264,1.0,6.0,1.0,0.0,0.5020570080713771,0.9534584797534342,0.0,0.7432299398495655,0.0,0.6918701484832851,2.3616437987749405e-14,0.0,0.0,0.0,0.0,2.0,0.4451272592520908,2.0,0.0,0.260120917084238,0.6247835440167209,-0.3651951284347149,0.4399672277794308,-0.6718982098964638,0.7636187097629832,0.0
200903,0.8505557478095267,12.0,-3.8717519196253476,0.32006077738691574,0.0,0.0,0.0,0.0,1.0,12.0,0.0,5.3348798996325686e-67,-2.2843971883278294e-16,5.7647987624260805e-18,-0.4905106912452277,0.45538419184383955,1.0,5.0,12.0,0.0,0.6022600376119218,1.4174226604797169,0.0,0.8628003552454224,0.0,0.6047232546028904,1.3907419210261405e-14,0.0,0.0,0.0,0.0,1.0,0.4638470131587785,2.0,0.0,0.4337204050662912,0.770726809046724,-0.4638418364686104,0.7057878165353794,-0.7422026558337782,1.0836670652979659,0.0
200904,0.8415244035823787,12.0,-5.891374062746135,0.34637767560333343,0.0,0.0,0.0,0.0,1.0,12.0,0.0,7.0486824308414794e-68,-3.2017182511513494e-16,9.998326594931029e-20,-0.12029555180677957,0.4037058914260967,1.0,4.0,11.0,0.0,0.4865119128604802,0.6480616451209459,0.0,1.6918616133625484,0.0,1.490129514563691e-08,2.9253196945738607e-10,0.0,0.0,0.0,0.0,1.0,0.48897767249763296,2.0,0.0,0.44704910064629155,0.7673306592208387,-0.4004614928782395,0.6425270946418428,-0.5690630808641544,0.7960957603697209,0.0
200905,0.8859150990109429,12.0,-5.465078524697886,0.3633227733879445,0.0,0.0,0.0,0.0,1.0,12.0,0.0,1.0848582559349081e-68,8.688813968808307e-17,1.0041337124148175e-17,-0.37216344792413947,0.363881879137013,1.0,3.0,10.0,0.0,0.6291249040834289,0.954998378347584,0.0,1.9439959661267914,0.0,1.4901161207149346e-08,9.517729434828236e-09,0.0,0.0,0.0,0.0,1.0,0.47074834907211727,1.0,0.0,0.43658932311324816,0.8210275319777431,-0.4538464785258624,0.8881842935455814,-0.6157724486212695,1.1837270696228963,0.0
200906,0.9238509933000119,12.0,-5.599122040340646,0.3220959701430325,0.0,0.0,0.0,0.0,1.0,12.0,0.0,7.245979181559018e-68,-3.0253482011695763e-16,-1.3368081983661309e-17,0.08160473948762259,0.26708192647870777,1.0,2.0,9.0,0.0,0.6593947283926667,0.9309874421926192,0.0,1.2625797300452168,0.0,1.4901172274087425e-08,2.9033541301161347e-10,0.0,0.0,0.0,0.0,1.0,0.45927199050314826,3.0,0.0,0.4121527052473037,0.7384961964063328,-0.467863371532086,0.9262113420002898,-0.5986000813817441,1.286778372215203,0.0
200907,0.9250927430755529,12.0,-7.077982336481709,0.17920180156223897,0.0,0.0,0.0,0.0,1.0,12.0,0.0,1.4572769812393818e-68,-5.830707906241223e-17,-2.585422995522775e-18,-0.07813353403820214,0.3260511626242024,1.0,12.0,8.0,0.0,0.6141844621053666,0.8560467724523304,0.0,0.20432245480315367,0.0,0.5491330875089375,0.5491330875089373,0.0,0.0,0.0,0.0,3.0,0.3959408838363556,4.0,0.0,0.2649156204356404,0.7222956015908367,-0.2588771605322201,0.9303051627349628,-0.49035934949732957,1.1301332492631637,0.0
200908,0.8697429679693822,12.0,-3.479456597901884,0.19487347542346578,0.0,0.0,0.0,0.0,1.0,12.0,0.0,1.4991170054059446e-67,2.861086675536659e-16,-1.1227203213409464e-18,-0.483948047870997,0.5754721642322611,1.0,12.0,7.0,0.0,0.4379911726268965,0.7434316652866333,0.0,1.4015269724591122,0.0,0.5760299433055539,0.5760299433055538,0.0,0.0,0.0,0.0,2.0,0.4573137416661763,4.0,0.0,0.44245983160152785,0.710109313908467,-0.1276816084095624,0.5717925697830044,-0.4861723270745087,1.0321003974649712,0.0
200909,0.8707654940676193,12.0,-3.8948429729024334,0.25784120607141686,0.0,0.0,0.0,0.0,1.0,12.0,0.0,1.9399518095552537e-68,-3.097184656829752e-16,1.2597439309364064e-17,0.06570101292566005,0.4774591521603708,1.0,11.0,6.0,0.0,0.3453812056535842,0.6287674903776691,0.0,1.1864320005685343,0.0,0.8363063263414467,4.073461725095834e-14,0.0,0.0,0.0,0.0,2.0,0.36356008333617834,4.0,0.0,0.5857736715571787,0.9241847589167114,-0.12173997012752377,0.4660806546356707,-0.4909909940783087,0.6730533924365072,0.0
200910,0.9024431612627195,12.0,-4.787499158015926,0.30911666946624894,0.0,0.0,0.0,0.0,1.0,12.0,0.0,3.831296448276922e-68,-2.1614207034527497e-17,-5.916810247647832e-18,-0.39726969281990315,0.4249284930897081,1.0,10.0,5.0,0.0,0.1292826060639867,0.4132706544757226,0.0,0.674082064381738,0.0,1.4901161193847656e-08,2.9105640357140385e-10,0.0,0.0,0.0,0.0,2.0,0.45273181468879126,4.0,0.0,0.6001307969538877,0.895734539546373,-0.09297735122090835,0.1845713205844288,-0.35204101695813417,0.5256870865750459,0.0
200911,0.8709648677089752,12.0,-4.097646842312751,0.33546528483277516,0.0,0.0,0.0,0.0,1.0,12.0,0.0,9.367347585698641e-71,8.96518071509051e-18,-2.0871681533821233e-18,-0.31301310265491267,0.24596509156512472,1.0,9.0,4.0,0.0,0.27716698152498725,0.4676402005521428,0.0,0.44522372520811704,0.0,0.9999999850988388,0.0,0.0,0.0,0.0,0.0,2.0,0.4500085232627082,3.0,0.0,0.6265688874590328,0.9517469296978955,0.01192113782375932,0.3109994740573127,-0.22981354505507745,0.5663052164517033,0.0
200912,0.8415420294601541,12.0,-4.490505338663863,0.19225227919236693,0.0,0.0,0.0,0.0,1.0,12.0,0.0,3.055943076153358e-125,1.4791141972893971e-31,1.1093356479670479e-31,-0.2953852021357741,0.33320158565584507,1.0,8.0,3.0,0.0,0.20752788193712224,0.3004344580337602,0.0,0.761246570775528,0.0,0.999999985098762,6.433018571345495e-14,0.0,0.0,0.0,0.0,2.0,0.46129513703853947,4.0,0.0,0.5856206435184976,0.9561726366082068,0.12504990334061453,0.3368240976217751,-0.2725841829322237,0.480629480247589,0.0
201001,0.8356030879970742,12.0,-5.140419583108169,0.2192039639454873,0.0,0.0,0.0,0.0,1.0,12.0,0.0,9.885912636932628e-69,-2.1374296821128103e-17,-1.14199072652745e-18,0.11375941012667434,0.40409612980826587,1.0,7.0,2.0,0.0,0.19421038818441352,0.20548441167461334,0.0,0.4436576617137378,0.0,0.7376000464641648,0.0,0.0,0.0,0.0,0.0,2.0,0.6934635273743565,3.0,0.0,0.44946203541883867,0.5520027141816939,-0.1720999504061397,0.24599437424973966,-0.3635259207496778,0.3821737584545419,0.0
201002,0.8490713359133633,12.0,-8.549337530034181,0.13796631021861663,0.0,0.0,0.0,0.0,1.0,12.0,0.0,5.643051421953595e-70,2.2631870442508757e-18,-2.8022944096119844e-18,-0.04403585358126142,0.35708246246772735,1.0,6.0,1.0,0.0,0.12384786593092163,0.6194759455876007,0.0,2.7571072745629253,0.0,1.4901161193847656e-08,2.810488657525628e-10,0.0,0.0,0.0,0.0,2.0,0.7079643233691653,4.0,0.0,0.23784502669610172,0.502711268947264,-0.33837933942122816,0.2867591846928259,-0.5292595297546978,0.44530870215589846,0.0
201003,0.8474023004545894,12.0,-7.501166588773005,0.17884943434743544,0.0,0.0,0.0,0.0,1.0,12.0,0.0,1.0646769111305687e-123,2.465190328815662e-31,2.341930812374879e-31,-0.3531236628155756,0.5476308296205726,1.0,5.0,9.0,0.0,0.28497985835832557,0.7795751463322541,0.0,2.317980703742043,0.0,1.490167537673136e-08,2.8528718000660933e-10,0.0,0.0,0.0,0.0,2.0,0.7400441830225049,4.0,0.0,0.3105036433106594,0.32926524510490063,-0.3745206216969246,0.31530948075067594,-0.6922315168252056,0.7583443039335082,0.0
201004,0.78009495626943,12.0,-8.896763887395954,0.1314179546779928,0.0,0.0,0.0,0.0,1.0,12.0,0.0,1.7221039813325956e-68,-1.2535808938391253e-16,-7.492621176054171e-18,0.07355107234852382,0.6035309715606453,1.0,4.0,8.0,0.0,0.10666205148149384,0.3490304549752202,0.0,2.1860440335907056,0.0,1.4901280017116063e-08,2.9008581922477824e-10,0.0,0.0,0.0,0.0,2.0,0.8165338728567185,5.0,0.0,0.14371624619403675,0.2477721698374996,-0.2547152803483879,0.1552091082360493,-0.5418419245633505,0.383728866168049,0.0
201005,0.8184105386535551,12.0,-10.026442517417298,0.16907300960067392,0.0,0.0,0.0,0.0,1.0,12.0,0.0,4.725314078754178e-68,9.765211945391304e-17,-2.2567974443790406e-19,-0.3425103989350703,0.6206233305374912,1.0,3.0,7.0,0.0,0.25811306905279213,0.48803072262686065,0.0,2.1335546233022797,0.0,1.490116126645894e-08,1.1832343856525247e-08,0.0,0.0,0.0,0.0,2.0,0.7932319977409763,5.0,0.0,0.1358446737804401,0.23079796256651727,-0.37263361982491566,0.2634070696906162,-0.5613296755513868,0.4232829625676447,0.0
201006,0.87949193028555,12.0,-8.488993071838879,0.15170657268786153,0.0,0.0,0.0,0.0,1.0,12.0,0.0,1.163911425997681e-67,6.554893277573745e-17,-2.3775783355380192e-17,0.02598217908301858,0.20913696525393555,1.0,12.0,6.0,0.0,0.3693837776052663,0.8497403444176747,0.0,1.0142279457091752,0.0,0.46954728067616397,0.0,0.0,0.0,0.0,0.0,2.0,0.5527009713510292,6.0,0.0,0.17722181698639974,0.4712187453756371,-0.4833893786464442,0.6120788727853805,-0.6662257168449486,0.8159204222465788,0.0
201007,0.8427552343567727,12.0,-7.3234239370052086,0.18940575863670314,0.0,0.0,0.0,0.0,1.0,12.0,0.0,2.377322321654996e-67,-2.508279262193528e-16,-1.3047002446549689e-17,-0.13709491804594823,0.19319775524804184,1.0,12.0,5.0,0.0,0.3533673171962302,1.492966974436336,0.0,3.3038679307380416,0.0,0.6150543110735135,8.813286809393515e-15,0.0,0.0,0.0,0.0,2.0,0.5478041813910776,6.0,0.0,0.2668360428348211,0.5291761375988168,-0.42030678967893015,0.4612763966969872,-0.7273296972405686,0.8685487882200613,0.0
201008,0.8503465041316931,12.0,-4.170174430076195,0.3370738920936307,0.0,0.0,0.0,0.0,1.0,12.0,0.0,1.9518054844865602e-67,2.2904788380918886e-16,7.593722277683034e-18,0.2604770964762671,0.5394854005205777,1.0,12.0,4.0,0.0,0.3126920954629003,1.2632680289455587,0.0,5.0986440824396455,0.0,0.559134932542104,1.845748558625437e-14,0.0,0.0,0.0,0.0,2.0,0.5605934776465681,6.0,0.0,0.40831828885614985,0.6319772859508995,-0.44004405202494035,0.4126666053215758,-0.7213338683471805,0.9400411165439129,0.0
201009,0.8612132679926303,12.0,-1.934184145926182,0.43344426228101307,0.0,0.0,0.0,0.0,1.0,12.0,0.0,1.9845144496019773e-68,-2.90170862744302e-16,1.5093885532031885e-17,0.14004852457991712,0.5101212131273619,1.0,11.0,3.0,0.0,0.5398039812669755,1.0941886570384691,0.0,4.045255629018965,0.0,1.4901182439344797e-08,2.933837371648928e-10,0.0,0.0,0.0,0.0,2.0,0.544975557504524,5.0,0.0,0.5767496195656147,1.0223595129070624,-0.5380299498844862,0.5677792403903951,-0.6893780386469631,0.8228659865565389,0.0
201010,0.9212009324192207,12.0,-4.124555720669838,0.40026871795951585,0.0,0.0,0.0,0.0,1.0,12.0,0.0,1.0294628327178132e-67,3.884309775311385e-17,-8.491101870641558e-19,-0.0596943659732914,0.4571622818278552,1.0,10.0,2.0,0.0,0.2584393436769729,0.5652783367567997,0.0,2.448072095752264,0.0,1.4901161193847656e-08,2.9522887907355456e-10,0.0,0.0,0.0,0.0,2.0,0.48875733152441425,3.0,0.0,0.5761139189982992,1.0086147092854314,-0.36119364298645606,0.5079635840275779,-0.5489632715002187,0.7145986357496185,0.0
201011,0.896314844295394,12.0,-5.17195595832076,0.35302944632683025,0.0,0.0,0.0,0.0,1.0,12.0,0.0,1.413440588215805e-70,-2.935668951491528e-17,5.5145806191755475e-18,0.3961122110962168,0.3734516006337398,1.0,9.0,1.0,0.0,0.18125384453015897,0.5457608289865562,0.0,1.1071112504345972,0.0,1.4901161193847656e-08,2.966681949524086e-11,0.0,0.0,0.0,0.0,2.0,0.4680592597225031,4.0,0.0,0.5068214956489634,0.8656081289695252,-0.23486012704103915,0.3370873595466587,-0.4480722189936913,0.6179624608720252,0.0
201012,0.8406822481127743,12.0,-4.443311517085193,0.265707520595725,0.0,0.0,0.0,0.0,1.0,12.0,0.0,1.3293167191717594e-69,3.434733979604055e-17,-4.661016524794643e-18,-0.45508870863106504,0.4731588615961833,1.0,8.0,2.0,0.0,0.11659714370330126,0.237999876478609,0.0,0.3887286190744254,0.0,0.769124516705767,0.0,0.0,0.0,0.0,0.0,2.0,0.4689661439090576,5.0,0.0,0.5847191286623808,0.8049449191791517,-0.07893509978548219,0.28392043277796797,-0.3722245836588178,0.3476906986517547,0.0
201101,0.837882627839149,12.0,-4.548631340900375,0.2570832949697117,0.0,0.0,0.0,0.0,1.0,12.0,0.0,3.32876385534916e-68,-1.3073431716078934e-16,5.627353826928841e-18,-0.09795769702446389,0.40979911963818577,1.0,7.0,1.0,0.0,0.045958029272606726,0.5785157415808648,0.0,0.11103645959815316,0.0,0.8803277321058666,0.0,0.0,0.0,0.0,0.0,2.0,0.5630417416694697,3.0,0.0,0.5312334236509484,0.6494828616954252,-0.11562905218403827,0.1408077562421481,-0.5489465985129881,0.48328837870513713,0.0
201102,0.8958302006925862,12.0,-7.730351824361558,0.14557552903714507,0.0,0.0,0.0,0.0,1.0,12.0,0.0,1.3351883238150975e-69,-2.62930906843014e-17,3.3823895886955107e-18,0.022872621198467825,0.24441103732904296,1.0,6.0,1.0,0.0,0.07591311685024536,0.5368345469798579,0.0,0.969630440513452,0.0,0.8250408234605998,0.0,0.0,0.0,0.0,0.0,2.0,0.5975529849200669,4.0,0.0,0.3019630017966505,0.46970921541409416,-0.08193554418224622,0.25075029077442135,-0.3195936904585449,0.4093941373494817,0.0
201103,0.9037352875373261,12.0,-4.883145997805423,0.22377837959101352,0.0,0.0,0.0,0.0,1.0,12.0,0.0,1.5253398812273004e-67,-2.3240614844092343e-16,7.914243642985091e-19,-0.6253921122803154,0.6266469239700558,1.0,5.0,11.0,0.0,0.16505921880873736,0.3067496671644005,0.0,0.017693435028299384,0.0,0.9999999850988368,0.0,0.0,0.0,0.0,0.0,2.0,0.5984363881066548,4.0,0.0,0.4997687811799389,0.5539055232976432,0.030807061022223584,0.26699692594068286,-0.21111230907927353,0.246895523477139,0.0
201104,0.8820933137977472,12.0,-7.202571305003786,0.1887691072023258,0.0,0.0,0.0,0.0,1.0,12.0,0.0,1.438933281936021e-68,-1.0762744846133371e-16,-8.308039878369939e-18,0.072683171788488,0.2869727545447821,1.0,4.0,10.0,0.0,0.2254190568634418,0.2639642004190197,0.0,0.11939237875642171,0.0,1.4901279287829788e-08,2.899010571246557e-10,0.0,0.0,0.0,0.0,2.0,0.6905093774553065,5.0,0.0,0.3796998821731717,0.4236523530922469,0.14372656285810595,0.4000508804472562,0.027971794341510474,0.4586726496563911,0.0
201105,0.8850891576408899,12.0,-6.021983188435287,0.318501419487234,0.0,0.0,0.0,0.0,1.0,12.0,0.0,1.7091500106471355e-67,-1.634260527278644e-16,-3.5326632017450975e-18,-0.4218157928579367,0.2614150070253142,1.0,3.0,9.0,0.0,0.3673915860123398,0.49312218472385955,0.0,0.16831204850065465,0.0,1.49018303448419e-08,3.827828258885738e-11,0.0,0.0,0.0,0.0,2.0,0.6111689301274376,5.0,0.0,0.3933240424841479,0.4250616657069489,-0.12305690636958448,0.5996027844950973,-0.20370793210526897,0.6493611648632053,0.0
201106,0.8722676087087096,12.0,-6.184038458980909,0.23934016524594764,0.0,0.0,0.0,0.0,1.0,12.0,0.0,5.919426917534188e-70,-3.536815783215778e-19,-3.8119903322576805e-18,0.3299344768367048,0.3722716894097763,1.0,2.0,8.0,0.0,0.21548385126752187,0.590697048247317,0.0,0.47318540197851017,0.0,1.4901161193847656e-08,2.865295215611294e-10,0.0,0.0,0.0,0.0,2.0,0.6371209934304253,6.0,0.0,0.3256418892881805,0.37333520359660805,-0.2546455877692175,0.30109618889775713,-0.4065581308250037,0.4473104116173436,0.0
201107,0.8045203373228977,12.0,-6.430585427204484,0.16186371216163883,0.0,0.0,0.0,0.0,1.0,12.0,0.0,1.70348305780891e-122,4.930380657631324e-31,4.683861624749758e-31,-0.3531236628155756,0.5476308296205726,1.0,1.0,7.0,0.0,0.16460304262568826,1.0492245083240843,0.0,0.7437559657705687,0.0,0.6613953760722904,0.0,0.0,0.0,0.0,0.0,2.0,0.6200695865694874,6.0,0.0,0.2907294354119191,0.4234383338442341,-0.2042204047850935,0.27281694607542584,-0.5324811941227064,0.5052852765312293,0.0
201108,0.7893738459276167,12.0,-9.21577803290733,0.20393402770249577,0.0,0.0,0.0,0.0,1.0,12.0,0.0,3.969309916198636e-68,1.0366232648531804e-16,2.718575060135032e-18,-0.09597529850305864,0.5860216039747577,1.0,1.0,6.0,0.0,0.18785751923920657,0.4685461630946376,0.0,0.06686506863725039,0.0,1.4901161193847656e-08,3.2100444952952315e-11,0.0,0.0,0.0,0.0,2.0,0.6475097400263403,6.0,0.0,0.23904938446664833,0.45020655367738827,-0.23163949878204626,0.3049684796005381,-0.4517630610603295,0.3312193324880847,0.0
201109,0.7864685676689231,12.0,-2.490641495722253,0.41170656270369754,0.0,0.0,0.0,0.0,1.0,12.0,0.0,3.777817895249961e-67,-1.0913845874553985e-16,2.2919717169428392e-17,-0.10016685187904951,0.08446755806520553,1.0,12.0,5.0,0.0,0.38376237735433083,0.8245019121880275,0.0,1.6725630041765427,0.0,1.4901181645733116e-08,2.909697992870806e-10,0.0,0.0,0.0,0.0,2.0,0.6655156488569609,5.0,0.0,0.38262772775678927,0.5495416159695066,-0.3791776740175692,0.5644159312497093,-0.525659446839681,0.6942702411485538,0.0
201110,0.810707529482477,12.0,-6.291589399609918,0.3823030636380183,0.0,0.0,0.0,0.0,1.0,12.0,0.0,6.948216730645625e-69,-2.4711547665971353e-16,9.785362292344869e-18,0.04273474384828139,0.3391502323306045,1.0,11.0,4.0,0.0,0.38634381498201736,0.5576873002803143,0.0,1.311214657692293,0.0,1.4901214143317522e-08,2.9350447538659056e-10,0.0,0.0,0.0,0.0,2.0,0.5673999599914432,3.0,0.0,0.40557912146550723,0.6583876435470664,-0.4390163466018727,0.5642368148199195,-0.5160373005936731,0.8181560423379254,0.0
201111,0.7896552785008298,12.0,-6.396911320885248,0.30572766173407373,0.0,0.0,0.0,0.0,1.0,12.0,0.0,1.0646769111305687e-123,2.465190328815662e-31,2.341930812374879e-31,-0.3531236628155756,0.5476308296205726,1.0,10.0,3.0,0.0,0.33789235929862654,0.8858260702146213,0.0,1.3355045030781332,0.0,1.4901161193847656e-08,5.7604988256587914e-11,0.0,0.0,0.0,0.0,2.0,0.5276078938840124,4.0,0.0,0.39990238465340666,0.6395070726793326,-0.3734447685631914,0.5880467561107904,-0.6373167707136692,1.0440705313125647,0.0
201112,0.803721563820799,12.0,-6.268215425847812,0.272230318291246,0.0,0.0,0.0,0.0,1.0,12.0,0.0,2.3214026641883747e-67,-1.2716190984562222e-16,7.273923207963739e-18,-0.006821321267646469,0.5219455273549126,1.0,9.0,2.0,0.0,0.34283921199107587,0.6094499933591842,0.0,1.2939249018777048,0.0,1.4904498884561674e-08,2.5971564730302616e-09,0.0,0.0,0.0,0.0,2.0,0.5315787937763854,4.0,0.0,0.3964947868691799,0.585270789277711,-0.37120327520178054,0.5909888529947471,-0.591053288182118,0.8414279688701023,0.0
201201,0.8130610300367074,12.0,-5.812861851709768,0.256080381336287,0.0,0.0,0.0,0.0,1.0,12.0,0.0,2.148316826626205e-67,-1.7217521793699164e-16,6.046014989195709e-19,0.023791059301773193,0.370096092686441,1.0,8.0,1.0,0.0,0.34309295962714415,0.9523953799348093,0.0,1.188580899577456,0.0,0.576655139606531,0.0,0.0,0.0,0.0,0.0,2.0,0.5749777837170321,4.0,0.0,0.3544948849229217,0.5240680962595285,-0.4401513667178157,0.5743646212869995,-0.6994775742204625,1.0451628712820906,0.0
201202,0.8480716442881774,12.0,-9.9513589177272,0.1495890197054127,0.0,0.0,0.0,0.0,1.0,12.0,0.0,4.045951759300996e-68,-3.455744312414584e-17,1.488020329737059e-17,-0.0612552471413302,0.31574654783057615,1.0,7.0,1.0,0.0,0.23695983909048912,0.7231445665109836,0.0,2.372505961735019,0.0,0.5374705978345966,3.0943187176192795e-14,0.0,0.0,0.0,0.0,2.0,0.593518839917846,4.0,0.0,0.13527617973246248,0.45138651466258967,-0.39837381095032354,0.3582498710228094,-0.5853888399386546,0.6120967539607056,0.0
201203,0.8235806810429338,12.0,-7.317367124342344,0.23199814544191016,0.0,0.0,0.0,0.0,1.0,12.0,0.0,4.3111056532951355e-67,6.013844236453425e-17,-2.710174412530407e-17,0.2487993328185802,0.4228463915300962,1.0,6.0,11.0,0.0,0.31285117629648007,0.48467032440464547,0.0,2.2634089205660666,0.0,1.4901161193847656e-08,2.857680996973822e-10,0.0,0.0,0.0,0.0,2.0,0.6502557219603187,3.0,0.0,0.31459360077802556,0.39161511220327855,-0.38702762220985004,0.2977735936168449,-0.5262789232810814,0.40560178577396444,0.0
201204,0.8489603940974991,12.0,-8.459424721201005,0.19122581712598283,0.0,0.0,0.0,0.0,1.0,12.0,0.0,3.566776068060172e-67,1.1671147330072814e-16,-2.2918314781726816e-17,0.07428828368011402,0.21911399500568327,1.0,5.0,10.0,0.0,0.16446552499053557,0.5088165430824454,0.0,2.1513650604809005,0.0,1.490122824394666e-08,2.8916569945374183e-10,0.0,0.0,0.0,0.0,2.0,0.6718577387307765,3.0,0.0,0.2870695982360585,0.39842398360780307,-0.18900912321744961,0.24264161196274217,-0.5113339788030383,0.42072703328450445,0.0
201205,0.8587263181234466,12.0,-7.057081859141494,0.35536386841534956,0.0,0.0,0.0,0.0,1.0,12.0,0.0,1.8417177275699486e-68,1.2706321192461807e-16,5.262906715193734e-18,-0.07330750028440165,0.35938029102057206,1.0,4.0,9.0,0.0,0.41127742078400853,0.6115927463378442,0.0,1.5089418427399952,0.0,1.4901254906367467e-08,2.943759435958182e-10,0.0,0.0,0.0,0.0,2.0,0.6655618820246565,3.0,0.0,0.29994035262202107,0.45833294439752775,-0.3911716087725783,0.4464582965930601,-0.5064336371675539,0.5232875151500799,0.0
201206,0.8501678268337128,12.0,-8.9859932300158,0.21179481720331014,0.0,0.0,0.0,0.0,1.0,12.0,0.0,3.6201977894833917e-68,-1.253909013489898e-16,-8.371695885631327e-19,-0.0981091324414528,0.25974683817346855,1.0,3.0,8.0,0.0,0.30098064121283674,0.6719677416180069,0.0,0.19910521346764432,0.0,1.49012215973843e-08,2.867365986173463e-10,0.0,0.0,0.0,0.0,2.0,0.584586813207077,4.0,0.0,0.13894526874494637,0.38347049260568244,-0.4217274700684894,0.5183495297480346,-0.5381618540142064,0.7031438612204849,0.0
201207,0.8129823770009127,12.0,-7.94972351583319,0.15008815024171104,0.0,0.0,0.0,0.0,1.0,12.0,0.0,1.380468716960249e-67,-1.0918001801389153e-16,1.4927259403153783e-17,0.20907724663043942,0.43448960982765833,1.0,2.0,7.0,0.0,0.2931286189870202,0.4387682206230838,0.0,0.3403886892816122,0.0,0.4381344389704695,0.0,0.0,0.0,0.0,0.0,2.0,0.5724294347415738,4.0,0.0,0.21384844671686656,0.44752759564202627,-0.44634318471603657,0.501898614772681,-0.5348469730795536,0.5682698549674247,0.0
201208,0.8075395581562651,12.0,-9.315806480069494,0.19069622277798157,0.0,0.0,0.0,0.0,1.0,12.0,0.0,2.804488158123462e-67,1.9874936263839642e-16,1.3693629045387814e-17,0.27504452235371424,0.5690946977086454,1.0,12.0,6.0,0.0,0.15158909708762497,0.6924402414958766,0.0,0.7112809856893407,0.0,0.672195035281321,1.1997184988700869e-14,0.0,0.0,0.0,0.0,2.0,0.5627896169079649,4.0,0.0,0.2467857723732878,0.5010015532050275,-0.29959627058817706,0.2966286895825651,-0.6780185250605364,0.603103529962143,0.0
201209,0.8069850602952073,12.0,-2.3846305757430857,0.3837945990178625,0.0,0.0,0.0,0.0,1.0,12.0,0.0,4.929692264851763e-69,9.484330944861734e-17,6.999000539259914e-18,-0.05344083955980921,0.2190648591907239,1.0,12.0,5.0,0.0,0.5572354687916075,1.1559619613350556,0.0,1.8453295082634529,0.0,0.5332320814561773,0.0,0.0,0.0,0.0,0.0,2.0,0.5671636867561863,4.0,0.0,0.5089125154484266,0.8093878914945638,-0.5476160611041815,0.457513285814198,-0.7672814238892949,0.7313551473128713,0.0
201210,0.8729907042087665,12.0,-7.261560017376962,0.2959126704733647,0.0,0.0,0.0,0.0,1.0,12.0,0.0,3.6007768963050887e-68,1.5302277407135808e-16,1.4701353056213178e-17,-0.11001659653411879,0.18096490419549016,1.0,11.0,4.0,0.0,0.23207969304062612,0.41124680408717273,0.0,1.315159148373936,0.0,1.490129455813839e-08,2.9296426367879943e-10,0.0,0.0,0.0,0.0,2.0,0.6561738498940863,6.0,0.0,0.3114389496176877,0.42580154197880304,-0.2674618450251459,0.40925837912364355,-0.5026904534259613,0.6241717437919256,0.0
201211,0.8688455803273925,12.0,-8.150244935863803,0.29451984293220423,0.0,0.0,0.0,0.0,1.0,12.0,0.0,1.872784257335883e-71,2.0798992359941983e-18,-7.134422520562347e-19,-0.14503839752395892,0.09085579637401107,1.0,10.0,3.0,0.0,0.4614657582937318,0.668210670394407,0.0,0.9504778326187134,0.0,1.4901161362384356e-08,7.89878581868253e-09,0.0,0.0,0.0,0.0,2.0,0.6093451236114256,5.0,0.0,0.24673249661655766,0.45301200460175267,-0.4732246020167903,0.6846997171758676,-0.5618829705502381,0.8775672078365863,0.0
201212,0.9167694437641821,12.0,-9.038881194010704,0.18904310504615654,0.0,0.0,0.0,0.0,1.0,12.0,0.0,3.3494741104391485e-68,-1.441961613695708e-17,-1.9410651274429473e-18,-0.06729284906552216,0.30713239162339384,1.0,9.0,2.0,0.0,0.45564875113394643,0.8410099902888997,0.0,0.34690502216039515,0.0,1.4901161193847656e-08,2.86239566945904e-10,0.0,0.0,0.0,0.0,2.0,0.569224295150409,6.0,0.0,0.18652122751136802,0.5021670445594728,-0.5229570562634093,0.8182576923357147,-0.6821929474920533,1.0340273103568371,0.0
201301,0.933271514077843,12.0,-8.735155097261615,0.15790637524538498,0.0,0.0,0.0,0.0,1.0,12.0,0.0,2.4154959397250588e-68,-5.951350503968778e-17,-4.918355052525085e-18,-0.09898858178255583,0.11079317599265787,1.0,8.0,1.0,0.0,0.5077428275916652,1.026110981426632,0.0,0.14408819278973786,0.0,0.48734660461496204,4.515163456950892e-14,0.0,0.0,0.0,0.0,2.0,0.5533564911160183,6.0,0.0,0.19042658614265068,0.5829891996928855,-0.5652445964559473,0.8320199053100253,-0.7763332902228642,1.2859775715695598,0.0
201302,0.9260381858411717,12.0,-10.42286010556372,0.1432102271066668,0.0,0.0,0.0,0.0,1.0,12.0,0.0,2.269297010350804e-67,-7.396137000910461e-17,-4.408329325080499e-18,-0.06597131033335867,0.3860496174876498,1.0,7.0,8.0,0.0,0.5445554642957231,1.131684445121439,0.0,4.0308420835614,0.0,1.4901161193847656e-08,2.8319547887883396e-10,0.0,0.0,0.0,0.0,2.0,0.5732213738695834,6.0,0.0,0.11700595691262054,0.5464026031828848,-0.5920492941744886,0.894833439841775,-0.7702131629855179,1.2400984791868095,0.0
201303,0.9242107771577812,12.0,-9.226242820923627,0.25934461767593686,0.0,0.0,0.0,0.0,1.0,12.0,0.0,1.561703694960327e-68,-1.3549050421628214e-16,-9.823664771754694e-18,0.24842851527042797,0.4590600748118506,1.0,6.0,12.0,0.0,0.6107547986129948,1.0038778455894155,0.0,5.0582595873600456,0.0,1.4901161193847656e-08,2.8852873919374195e-10,0.0,0.0,0.0,0.0,2.0,0.5619660901777723,5.0,0.0,0.18920441770198515,0.45706851213267424,-0.5661391479853883,0.7969931327000426,-0.7180385925390329,1.0144313565418543,0.0
201304,0.9414834364306913,12.0,-9.454598842649999,0.290676989101689,0.0,0.0,0.0,0.0,1.0,12.0,0.0,4.2425089819058034e-68,1.4790892267904465e-17,9.412898283750539e-18,-0.23328606541513083,0.29504806356934143,1.0,5.0,11.0,0.0,0.5302926401051677,0.8496883910696127,0.0,2.3659982493209744,0.0,1.4901161193847656e-08,2.9114919807455967e-10,0.0,0.0,0.0,0.0,2.0,0.5870227823746632,6.0,0.0,0.25440076824942787,0.462026620140485,-0.49143914774709324,0.6966313619061155,-0.7087268003229555,0.8438205144874349,0.0
201305,0.9345568081488248,12.0,-7.218895659429859,0.3245125672449642,0.0,0.0,0.0,0.0,1.0,12.0,0.0,4.976644723385867e-69,-2.0591053121011138e-17,2.1260781038149315e-18,-0.12229933469147511,0.3416596504312695,1.0,4.0,10.0,0.0,0.2745468086304158,0.7874523764981519,0.0,1.909864976514512,0.0,1.4901161193847656e-08,2.9187684795347426e-10,0.0,0.0,0.0,0.0,2.0,0.6218606761597856,4.0,0.0,0.3061259380203961,0.5304941891446374,-0.4817404736405434,0.3454888702526732,-0.6980928377275822,0.5885175933649824,0.0
201306,0.9126300125894014,12.0,-7.011138310953422,0.20045108474868517,0.0,0.0,0.0,0.0,1.0,12.0,0.0,6.3867565748756515e-68,1.5056459757573167e-16,-2.2277667419254727e-19,-0.445497744698351,0.611123204842418,1.0,3.0,9.0,0.0,0.20215377855265737,0.6435549922060947,0.0,2.464292110218691,0.0,0.4732497963279162,0.47324979632791614,0.0,0.0,0.0,0.0,2.0,0.621871086194399,4.0,0.0,0.30185761593232197,0.4591087091557865,-0.4259635118827337,0.26590632165990447,-0.7015888532942818,0.6278710490043031,0.0
201307,0.873295125309333,12.0,-7.289078000570234,0.17547900940216776,0.0,0.0,0.0,0.0,1.0,12.0,0.0,6.115339725323512e-68,1.5285304985280186e-16,-2.258343392449523e-18,-0.4736890219951839,0.7958190460012488,1.0,2.0,8.0,0.0,0.23698518605788774,0.6146546750672769,0.0,0.8647766807272429,0.0,0.516257205258645,0.0,0.0,0.0,0.0,0.0,2.0,0.6646288641774456,4.0,0.0,0.22633811871096884,0.36096461408652925,-0.4777886266058069,0.35560918961687377,-0.7021732556471085,0.6519410473206524,0.0
201308,0.8696806217882906,12.0,-13.623739477034423,0.21284860867000716,0.0,0.0,0.0,0.0,1.0,12.0,0.0,1.1039899085643338e-67,-1.7733558625017695e-16,4.118091057168922e-18,0.04777761746681325,0.37202708472696217,1.0,12.0,7.0,0.0,0.2508429548011671,0.35783318590260754,0.0,2.3764120572140026,0.0,1.490130053352693e-08,2.838625213312747e-10,0.0,0.0,0.0,0.0,2.0,0.6544187053175617,4.0,0.0,0.007291965423476593,0.3981088360561259,-0.4326337847924952,0.4846530201469219,-0.5091263877954996,0.46942833970106723,0.0
201309,0.8037381241784103,12.0,-3.761156097049567,0.42782855202965026,0.0,0.0,0.0,0.0,1.0,12.0,0.0,1.3903096546821624e-71,4.397211633942095e-18,-4.081960338015954e-21,-0.2379552072404162,0.13910204509953847,1.0,11.0,6.0,0.0,0.32857749756900284,0.4879796875796909,0.0,0.9253110882462927,0.0,1.4901161193847656e-08,0.0,0.0,0.0,0.0,0.0,2.0,0.6707316479707045,3.0,0.0,0.4177786436600575,0.5855385537299307,-0.44097779749893057,0.5665559596841486,-0.5139563340696176,0.6873014567091286,0.0
201310,0.9367558063196003,12.0,-5.623882280278542,0.34038511066142496,0.0,0.0,0.0,0.0,1.0,12.0,0.0,6.279196980091405e-72,5.855126436896088e-18,-1.3786284886775893e-18,-0.09117342970869587,0.04934145968229667,1.0,10.0,5.0,0.0,0.27069413127513425,0.30208879798328103,0.0,0.7241644267905895,0.0,1.490123825492885e-08,2.9294869676380175e-10,0.0,0.0,0.0,0.0,2.0,0.5210587502701164,4.0,0.0,0.48803506707323024,0.7406437546856016,-0.14592477741863571,0.5582944236747409,-0.24099761964721955,0.513127525004996,0.0
201311,0.9109655717548524,12.0,-4.270892284070948,0.41026880464148247,0.0,0.0,0.0,0.0,1.0,12.0,0.0,1.6502576777460032e-67,-1.796704864976958e-16,2.1631588223660988e-18,-0.3654350106476723,0.3289709561876283,1.0,9.0,4.0,0.0,0.45476290927354135,0.7044018496409643,0.0,2.117075184606169,0.0,1.4901161193847656e-08,1.0544517981034785e-08,0.0,0.0,0.0,0.0,2.0,0.5324702967167445,3.0,0.0,0.4878511390552381,0.8632168503081256,-0.27315383547145533,0.5801392906900613,-0.3583137811367025,0.6379803781838832,0.0
201312,0.8793798953798767,12.0,-5.551995695601381,0.2824591374560981,0.0,0.0,0.0,0.0,1.0,12.0,0.0,2.775896392313897e-70,-1.0209149581171586e-17,-1.6860540047731908e-18,-0.34434395230395676,0.5533425478257419,1.0,8.0,3.0,0.0,0.26994553198772625,0.8787873527825232,0.0,2.1282175632872815,0.0,1.4901344826327107e-08,2.886984594675477e-10,0.0,0.0,0.0,0.0,2.0,0.48565000031602623,4.0,0.0,0.4183673730847619,0.6225041514925372,-0.30191559452136363,0.34156014706244814,-0.494136599698092,0.6907490257787814,0.0
201401,0.8175768062515527,12.0,-5.7033791291228475,0.22025718111462364,0.0,0.0,0.0,0.0,1.0,12.0,0.0,3.175733730080166e-68,-1.7407771602913187e-17,1.0823037194396534e-17,-0.05092156734136193,0.3086799409545252,1.0,7.0,2.0,0.0,0.26713104753408984,0.6490328764494104,0.0,2.708379841128768,0.0,0.5185878789250022,1.1081572551477948e-14,0.0,0.0,0.0,0.0,2.0,0.57354500240801,7.0,0.0,0.37333332018042786,0.5218190852883448,-0.34767880416398583,0.30985521289044643,-0.5422187584173398,0.5644674313442793,0.0
201402,0.7530066576119019,12.0,-7.056397301981038,0.1585420880150384,0.0,0.0,0.0,0.0,1.0,12.0,0.0,4.954815820168035e-68,-2.1960666880120609e-16,1.2937440836269214e-17,-0.29172882763877483,0.3258203951606988,1.0,6.0,1.0,0.0,0.23865606622447189,1.038270739973134,0.0,3.5666647604258266,0.0,0.5764270649208213,3.7895124289683806e-14,0.0,0.0,0.0,0.0,2.0,0.6247310502643986,8.0,0.0,0.26174525327770953,0.47084420820797945,-0.34554724871097836,0.28895162417109205,-0.6067739448282593,0.6684712376380547,0.0
201403,0.7753453470039876,12.0,-9.610625276543324,0.1785828069338768,0.0,0.0,0.0,0.0,1.0,12.0,0.0,2.1284904902867464e-69,-1.7222162721641926e-16,5.01669805632698e-18,0.1158104523524486,0.5405816484127373,1.0,5.0,1.0,0.0,0.3168781490327695,0.8782118722899392,0.0,1.4149656971252893,0.0,1.4901425787363462e-08,2.8463682434837424e-10,0.0,0.0,0.0,0.0,2.0,0.6860323025522429,8.0,0.0,0.15894386737518135,0.42322007344725643,-0.38106592563455355,0.4104336459797344,-0.6031109726738022,0.5953028882343558,0.0
201404,0.7931155566207958,12.0,-9.124668510820873,0.26615116798310623,0.0,0.0,0.0,0.0,1.0,12.0,0.0,4.822909203051296e-68,5.443308508036182e-17,6.423824056444818e-18,-0.37418851145434884,0.43534865762880515,1.0,4.0,8.0,0.0,0.4100380872263783,0.8266922176306759,0.0,2.1978191420608533,0.0,1.4901161193847656e-08,2.920922565707511e-10,0.0,0.0,0.0,0.0,2.0,0.7169363794075349,6.0,0.0,0.18110799220006688,0.2824064418949605,-0.4570166181040022,0.5866182419371155,-0.6201684009844189,0.8091827392968942,0.0
201405,0.7760959843924051,12.0,-9.035888409625588,0.27224742961743176,0.0,0.0,0.0,0.0,1.0,12.0,0.0,9.311418534278445e-68,-1.737005173730182e-16,2.2569477682801244e-19,-0.10404761111440428,0.3637972587995971,1.0,3.0,7.0,0.0,0.4337903279418991,0.7594471474960511,0.0,2.4541506400610276,0.0,1.490143054277793e-08,2.9281761202840944e-10,0.0,0.0,0.0,0.0,2.0,0.7142783483577174,6.0,0.0,0.18075125421966676,0.2841511256404554,-0.43491975717553794,0.5112788015356569,-0.5474973957420339,0.6684615524476529,0.0
201406,0.7735495632317206,12.0,-10.043672309936538,0.15290149540591108,0.0,0.0,0.0,0.0,1.0,12.0,0.0,1.1295087457886874e-68,-5.606180875751596e-18,6.9371267795803105e-18,-0.2920389511628635,1.1317098030051278,1.0,2.0,6.0,0.0,0.15445013455881937,0.34192518981958975,0.0,1.5537957031210314,0.0,1.4901161193847656e-08,2.8710503177169027e-10,0.0,0.0,0.0,0.0,2.0,0.6606752790683404,5.0,0.0,0.17384950296842808,0.35261625676176195,-0.2603940032107005,0.3075438041054157,-0.5123956747402256,0.5454113919800291,0.0
201407,0.8496703483894655,12.0,-6.401571229777098,0.16565960750572853,0.0,0.0,0.0,0.0,1.0,12.0,0.0,1.6931881907602636e-67,1.0034403547765442e-16,-2.4808468818116544e-18,-0.4239325250752104,0.8527250413445706,1.0,1.0,5.0,0.0,0.4575368453158201,0.8357786803719037,0.0,0.0359399407435768,0.0,0.7033984731657184,0.0,0.0,0.0,0.0,0.0,2.0,0.44929827174587056,6.0,0.0,0.3658387518378319,0.6559810655432591,-0.46313506753195716,0.7610554584443201,-0.7839535688172244,1.3320808057321305,0.0
201408,0.8580748786226154,12.0,-7.850348952368864,0.24218867026155205,0.0,0.0,0.0,0.0,1.0,12.0,0.0,6.227215853906956e-68,2.505693188966239e-16,7.467824963165235e-18,-0.43817581931064026,0.3089952772750286,1.0,12.0,4.0,0.0,0.3653222304952493,0.5922860110623621,0.0,3.61220992424094,0.0,0.5573938319183893,0.5573938319183893,0.0,0.0,0.0,0.0,2.0,0.562701075918631,6.0,0.0,0.21861335578562954,0.5384643406404623,-0.3795735757777035,0.8225035492345099,-0.6922478397200298,1.1984136107477699,0.0
201409,0.8634168748310841,12.0,-5.079541806761058,0.3791007177340469,0.0,0.0,0.0,0.0,1.0,12.0,0.0,8.49138047202673e-68,9.848300376757264e-17,-9.807983026076299e-18,-0.3558634556063467,0.8093321058383092,1.0,11.0,3.0,0.0,0.4226158807107995,0.42145598165355364,0.0,1.2255041944202931,0.0,1.4901191423591823e-08,2.2192126014550745e-10,0.0,0.0,0.0,0.0,2.0,0.5774452842937882,5.0,0.0,0.4890896886776002,0.7647645578685192,-0.6056822272571025,0.8401255965739155,-0.6391779068520637,0.8650879185905594,0.0
201410,0.9189833026904467,12.0,-4.81856002634824,0.36725951254398254,0.0,0.0,0.0,0.0,1.0,12.0,0.0,7.111198150632845e-68,-2.1448449825548318e-16,-2.810765575198324e-18,-0.03935467257063761,0.20248012367789858,1.0,10.0,2.0,0.0,0.28128607812483625,0.6424813510583168,0.0,1.2366727339221901,0.0,1.4901183944362884e-08,2.936015249932382e-10,0.0,0.0,0.0,0.0,2.0,0.42794674942090233,2.0,0.0,0.5498513208319956,1.0429204434445907,-0.4861512846765995,0.5588324148346464,-0.7479713800163106,0.9747397280092861,0.0
201411,0.9442121042031998,12.0,-4.267136539754605,0.39850305065407454,0.0,0.0,0.0,0.0,1.0,12.0,0.0,2.4997979176898948e-67,-2.2748371841704856e-16,1.2493124137877051e-18,-0.1224013145028335,0.30076050826857315,1.0,9.0,1.0,0.0,0.35291250900587073,0.8163280143857393,0.0,2.421953371135858,0.0,1.4901161193847656e-08,2.9455537083626235e-10,0.0,0.0,0.0,0.0,2.0,0.41844721836678966,1.0,0.0,0.5606302206714274,1.1265032490976188,-0.5206110979552974,0.5786481853893466,-0.7882297596451543,1.0755737121948987,0.0
201412,0.9247076123980581,12.0,-4.831283315642066,0.30113208277945985,0.0,0.0,0.0,0.0,1.0,12.0,0.0,8.733842816004645e-67,-7.90759490887406e-17,-5.143766398048646e-18,-0.14790124151146614,0.14351800748114144,1.0,8.0,3.0,0.0,0.37808897993668933,0.7736316851913558,0.0,1.5992691513325372,0.0,0.6054769616011151,0.0,0.0,0.0,0.0,0.0,2.0,0.41101484944896854,2.0,0.0,0.5298556427451404,0.9548045175326126,-0.46090755972051883,0.4508629928368401,-0.7964581177101375,1.0827579101300784,0.0
201501,0.8536922908417387,12.0,-5.268667332034708,0.27388130851805664,0.0,0.0,0.0,0.0,1.0,12.0,0.0,1.1637801938069904e-66,-1.940487061753389e-17,-1.439268844563209e-17,-0.12250037193433812,0.0908856252085545,1.0,7.0,2.0,0.0,0.4529344070006793,0.7050870656880162,0.0,1.891490017469429,0.0,0.5766474880570863,1.4798205571151592e-14,0.0,0.0,0.0,0.0,2.0,0.5722104245606777,5.0,0.0,0.43555219152444236,0.6501830323541243,-0.5066659703273719,0.4760663714752989,-0.7642314899569124,0.8872648002040442,0.0
201502,0.8140621915070336,12.0,-8.162667066108831,0.15695661683166906,0.0,0.0,0.0,0.0,1.0,12.0,0.0,6.882729750065629e-69,6.061711248567134e-17,5.136230131247186e-18,0.07847693556656814,0.29180444515741394,1.0,6.0,1.0,0.0,0.34935255354339256,0.9666948362345085,0.0,0.6379584240555395,0.0,0.6087206424903416,1.2801196090114778e-14,0.0,0.0,0.0,0.0,2.0,0.5721534599774646,6.0,0.0,0.22009202551906185,0.5544847110183201,-0.46404898172492287,0.6159243065819764,-0.7425367015056203,0.9774010794433888,0.0
201503,0.7434915161037768,12.0,-7.3836777365653585,0.19549964174590845,0.0,0.0,0.0,0.0,1.0,12.0,0.0,1.139664439207017e-68,1.3278035096202341e-16,7.112030130383335e-18,0.25335674231126637,0.6438495216088973,1.0,5.0,12.0,0.0,0.40360461342568565,1.017553478945583,0.0,2.12044604697538,0.0,0.5872591334746796,1.02720846635466e-14,0.0,0.0,0.0,0.0,2.0,0.5626646094569452,6.0,0.0,0.29436790910788135,0.49368220618310066,-0.4836224840252582,0.6709125157417533,-0.7725644694084914,1.2474079834448122,0.0
201504,0.7567673782454301,12.0,-9.144482997810021,0.2323347511565766,0.0,0.0,0.0,0.0,1.0,12.0,0.0,8.175424310431685e-68,-2.0674761098675435e-16,6.993192088303831e-18,-0.03472861084175508,0.33579437203955426,1.0,4.0,11.0,0.0,0.23276776622987588,0.5849413930175521,0.0,1.3793015942750244,0.0,1.4901161193847656e-08,2.8836764823858194e-10,0.0,0.0,0.0,0.0,2.0,0.6550899554888296,6.0,0.0,0.22716717016935098,0.3637422227235598,-0.39998156501350624,0.4277443674553354,-0.6368958802731691,0.8084506150869828,0.0
201505,0.7117115268103428,12.0,-7.813724390671275,0.3457141020197491,0.0,0.0,0.0,0.0,1.0,12.0,0.0,5.012581199506088e-69,-2.7706329866742116e-16,-6.247329846497864e-18,0.10834154313460598,0.986193010825168,1.0,3.0,10.0,0.0,0.4809187667737884,0.9695503577453886,0.0,0.7848537970409911,0.0,1.4901281665702734e-08,2.945525095025812e-10,0.0,0.0,0.0,0.0,2.0,0.6396675720718138,5.0,0.0,0.26694699085851586,0.46656785055914074,-0.4622693510057907,0.6379168488877299,-0.5905799397735098,0.854567998270638,0.0
201506,0.7165268501158024,12.0,-8.10617513892558,0.3000618237867674,0.0,0.0,0.0,0.0,1.0,12.0,0.0,6.396904745102595e-69,-2.522269786794572e-16,-7.55325491891827e-18,0.006768487540198187,0.5976451533984698,1.0,2.0,9.0,0.0,0.35624148357998453,0.5158975973904087,0.0,0.7940136921202156,0.0,1.4901161193847656e-08,2.9141859368301634e-10,0.0,0.0,0.0,0.0,2.0,0.6489418395463351,5.0,0.0,0.2664069070454199,0.42003885447624345,-0.41061496580948204,0.6465541222282807,-0.4590957662858632,0.8361769480264026,0.0
201507,0.7452311456171477,12.0,-7.250554872007573,0.24216438233271703,0.0,0.0,0.0,0.0,1.0,12.0,0.0,2.0804599782370912e-67,3.378188889096189e-16,4.673030092661692e-18,-0.12232410312390342,0.30747128318984973,1.0,1.0,8.0,0.0,0.3316385505804148,0.7878473683105407,0.0,0.52319243663166,0.0,0.5203138773785535,0.5203138773785532,0.0,0.0,0.0,0.0,2.0,0.6031305285971905,4.0,0.0,0.27292101689253684,0.46721506104703797,-0.20568754441762674,0.5089769216914979,-0.5350009638061635,0.8351406749906672,0.0
201508,0.8262362940063636,12.0,-3.8142120393886976,0.20596058253516594,0.0,0.0,0.0,0.0,1.0,12.0,0.0,6.317434542375119e-68,1.191896149679085e-16,-2.025730745314452e-17,0.19243977508048601,0.33970820027097504,1.0,12.0,7.0,0.0,0.08893979830235398,0.6937344360604131,0.0,6.7564466262497715,0.0,0.5711254131833322,0.5711254131833322,0.0,0.0,0.0,0.0,2.0,0.6293494020650018,4.0,0.0,0.3065329747256816,0.48448329793781986,-0.12656511238213325,0.22504115891139964,-0.5471960758063711,0.525303677097077,0.0
201509,0.790226456147985,12.0,-6.280961164413634,0.25800133954154064,0.0,0.0,0.0,0.0,1.0,12.0,0.0,3.357069915401324e-68,-3.0795861468284087e-16,1.9299754479478792e-19,-0.4980279000122836,0.45461889546610706,1.0,11.0,6.0,0.0,0.2268388378526946,0.31844707792700316,0.0,1.2273506858137357,0.0,1.4901161193847656e-08,0.0,0.0,0.0,0.0,0.0,2.0,0.6037682229720477,4.0,0.0,0.419322312133105,0.5357334521159436,-0.3301529664050455,0.3821827251751774,-0.43437477635799027,0.4131176123428895,0.0
201510,0.7684370851422788,12.0,-6.562731505096197,0.2554527830951811,0.0,0.0,0.0,0.0,1.0,12.0,0.0,3.672765444931442e-68,-2.989917289792631e-16,-6.415532314572295e-18,-0.3723239511851189,0.6759207722199101,1.0,10.0,5.0,0.0,0.14421296967317992,0.5735937142314332,0.0,0.45612667892039865,0.0,1.4901161193847656e-08,2.911690131052679e-10,0.0,0.0,0.0,0.0,2.0,0.6382238919243236,5.0,0.0,0.40195629657244336,0.46002529878840903,-0.19736594327542029,0.29368631004545803,-0.5158427177834363,0.542467939642669,0.0
201511,0.7702934500749821,12.0,-6.3338391171350645,0.2593604539616481,0.0,0.0,0.0,0.0,1.0,12.0,0.0,2.1492311045982145e-67,-2.0388693419592326e-16,-2.405760835401903e-18,0.2361162956134647,0.4593228331089209,1.0,9.0,4.0,0.0,0.23559582915158656,0.5515579406381621,0.0,0.4761653552213215,0.0,1.4901231722269203e-08,2.917271445208976e-10,0.0,0.0,0.0,0.0,2.0,0.6399387242053601,6.0,0.0,0.40633903241330444,0.46023758644196777,-0.1834980807975824,0.41478072378334924,-0.38538231147473906,0.5372685207378496,0.0
201512,0.7283179576673693,12.0,-6.708851101602238,0.14251126709983547,0.0,0.0,0.0,0.0,1.0,12.0,0.0,6.532414243326737e-68,-2.435696754491491e-16,-1.4604932722301834e-18,-0.11493464503412129,0.2139258456069299,1.0,8.0,12.0,0.0,0.12695258781838317,0.4091325398739004,0.0,1.0380434062069457,0.0,0.7683664507036205,2.9519744954052385e-14,0.0,0.0,0.0,0.0,2.0,0.65566263571711,5.0,0.0,0.353883092484106,0.5813394617411756,-0.09223777712820873,0.3550934333595227,-0.3576970132024579,0.4385325270007729,0.0
201601,0.7507041815899733,12.0,-6.411177339129207,0.16070730290541374,0.0,0.0,0.0,0.0,1.0,12.0,0.0,8.543373864158066e-67,4.82997543904625e-17,1.1185354693825377e-17,-0.3725736326551755,0.1835866274302127,1.0,7.0,11.0,0.0,0.16319281362116225,0.34880058993304996,0.0,2.131842992049543,0.0,0.6192528176638986,2.59937113845285e-14,0.0,0.0,0.0,0.0,2.0,0.6475937633723563,5.0,0.0,0.3567000178378743,0.5345976143942024,-0.2883470496645445,0.21430806538891878,-0.4931569318792813,0.4173103146517659,0.0
201602,0.7836284678009093,12.0,-9.426683161514129,0.1582593515733397,0.0,0.0,0.0,0.0,1.0,12.0,0.0,5.4788456959496496e-71,-4.159798471989235e-18,-7.155214410518636e-19,-0.4313182533765077,0.5635319933961989,1.0,6.0,12.0,0.0,0.1871637836359626,0.7052236615554897,0.0,1.9867695814154696,0.0,1.4901303346224244e-08,2.8181912800956363e-10,0.0,0.0,0.0,0.0,1.0,0.6311344404307074,6.0,0.0,0.18487055218423556,0.47804569730967233,-0.4003075546121111,0.37047650058292986,-0.5791369099505896,0.597215333885421,0.0
201603,0.7697791716447218,12.0,-7.371061738650102,0.2750123361892496,0.0,0.0,0.0,0.0,1.0,12.0,0.0,5.655463305213472e-68,2.4940289570813425e-16,-1.566312028097359e-18,-0.32293475312905906,0.29386535137623504,1.0,5.0,11.0,0.0,0.40482720906251296,0.7730033675084261,0.0,0.7619086492686457,0.0,1.49012294037294e-08,2.885976585161658e-10,0.0,0.0,0.0,0.0,1.0,0.6461131978793274,5.0,0.0,0.32639045529492416,0.41837624781596916,-0.48331511143153655,0.5048791932333011,-0.6923958183640696,0.8747041922508464,0.0
201604,0.7965686434607163,12.0,-7.951111571385211,0.24479112364183633,0.0,0.0,0.0,0.0,1.0,12.0,0.0,3.922159170303069e-67,-1.7646655111044483e-16,8.821218195812885e-18,0.3415456852763352,0.653925051255689,1.0,4.0,10.0,0.0,0.2586716136702853,0.6659787444443295,0.0,0.24696108592800173,0.0,1.490158819630208e-08,2.9154080667924104e-10,0.0,0.0,0.0,0.0,1.0,0.6552138896938529,5.0,0.0,0.3024964751125981,0.4041804437324114,-0.3722305787074873,0.4325016122254741,-0.667941601225844,0.7999428017234013,0.0
201605,0.7811497617561538,12.0,-7.742774991277318,0.34510995372335396,0.0,0.0,0.0,0.0,1.0,12.0,0.0,2.7491653315206323e-69,2.6494663803299028e-17,1.9633066174171757e-18,-0.5583332066991004,0.7898725476283989,1.0,3.0,9.0,0.0,0.4679523647587021,0.7258540361929521,0.0,0.4768432606214416,0.0,1.4901172795885664e-08,2.941680780525649e-10,0.0,0.0,0.0,0.0,1.0,0.6745729841965071,5.0,0.0,0.26428020830225846,0.4342690800152581,-0.45587111387303453,0.6742161141437296,-0.6245844289620157,0.9276624111535926,0.0
201606,0.7992159064616199,12.0,-8.262000504926593,0.2671511808442527,0.0,0.0,0.0,0.0,1.0,12.0,0.0,2.3847648093891963e-69,-7.51658896704393e-18,-6.382260036978365e-18,-0.3778436165487251,0.5257718553450599,1.0,2.0,8.0,0.0,0.5568518057440462,0.6831233962433366,0.0,0.44604441997797156,0.0,1.4901161193847656e-08,2.876396952224549e-10,0.0,0.0,0.0,0.0,1.0,0.5964305293179056,6.0,0.0,0.18292677093122137,0.4501172672824504,-0.5409049485328129,1.111984941927855,-0.6060674203358452,1.095017098039565,0.0
201607,0.7843476742339295,12.0,-8.756945820894472,0.17256349990308129,0.0,0.0,0.0,0.0,1.0,12.0,0.0,1.470847619116535e-70,-1.0209149581172128e-17,3.4257045472989785e-18,-0.2681137179586928,0.46490420204696536,1.0,1.0,7.0,0.0,0.41448931888067797,1.2268694212283449,0.0,0.9229460873455636,0.0,0.5260605071624547,0.5260605071624547,0.0,0.0,0.0,0.0,1.0,0.608421111788678,6.0,0.0,0.15051406593036581,0.4495866128842709,-0.38866098412472083,0.6546717006160768,-0.757734130381005,1.13025034025089,0.0
201608,0.7696453140918661,12.0,-9.460162101087866,0.222125657819908,0.0,0.0,0.0,0.0,1.0,12.0,0.0,3.5800641009604786e-68,-9.65788459235591e-18,9.828012868650298e-18,-0.2832875996890253,0.3245521671259148,1.0,11.0,6.0,0.0,0.5255011063947096,0.9129710717135104,0.0,2.7120751249405006,0.0,1.4901161193847656e-08,4.261861767471955e-11,0.0,0.0,0.0,0.0,1.0,0.6302350735915231,6.0,0.0,0.1723019179218195,0.3378940881269026,-0.5567177588321837,0.581824684227272,-0.7023584622643606,0.8651609224024985,0.0
201609,0.7642134634909543,12.0,-7.591056340196272,0.3539653030126448,0.0,0.0,0.0,0.0,1.0,12.0,0.0,4.477001830812393e-68,-4.4426469987267054e-17,-1.1158783587633878e-17,-0.38208945064937655,0.3874202080050342,1.0,10.0,5.0,0.0,0.7437640329056965,1.1891832507958129,0.0,1.8208084755604845,0.0,1.490134843784407e-08,2.9064731901297255e-10,0.0,0.0,0.0,0.0,1.0,0.6071039980361871,5.0,0.0,0.2680594663933607,0.6001298915797367,-0.5941633311289737,0.8871740326817359,-0.6971556004591046,1.0331840602993987,0.0
201610,0.8831403707191929,12.0,-7.305347328346274,0.38046595525482846,0.0,0.0,0.0,0.0,1.0,12.0,0.0,2.07572600302276e-68,8.626288350656854e-17,5.979029815775574e-18,-0.617070198238507,0.6215587423001924,1.0,9.0,4.0,0.0,0.7797910622335171,0.9751657398660779,0.0,1.9803533049718636,0.0,1.4901167155128525e-08,2.9419997094493256e-10,0.0,0.0,0.0,0.0,1.0,0.5244165178892893,3.0,0.0,0.32862088946157797,0.7276740760208358,-0.5736838884529236,0.9862806497447543,-0.6363836933645611,1.163784979942976,0.0
201611,0.8921186975287962,12.0,-7.51741740044626,0.3295001311396139,0.0,0.0,0.0,0.0,1.0,12.0,0.0,9.643306610795109e-69,-9.92468346250671e-17,1.4705548317801392e-17,0.2571374955339952,0.23933202910197945,1.0,8.0,3.0,0.0,0.5883526793929953,0.7479569144838826,0.0,1.5810307888299695,0.0,1.490116162610839e-08,1.4431335085583188e-08,0.0,0.0,0.0,0.0,1.0,0.528880761421868,4.0,0.0,0.29328634102730267,0.6303045985577955,-0.3880149892137294,0.8607822431408231,-0.508865067213844,0.9875495192826715,0.0
201612,0.9035628093791884,12.0,-6.800706472787683,0.2052422346405631,0.0,0.0,0.0,0.0,1.0,12.0,0.0,2.737132835142699e-68,1.2059651949663452e-16,-1.8675724882474875e-17,-0.311008893864016,0.41032858860657384,1.0,7.0,2.0,0.0,0.5594838336665338,0.5487827683797591,0.0,1.4066365878986609,0.0,1.1814471961490958e-07,1.7746865574038884e-15,0.0,0.0,0.0,0.0,1.0,0.5006578002569806,4.0,0.0,0.37973212027714925,0.6547714085847177,-0.26622343972208296,0.7554623171111793,-0.41760662997870507,0.8155530641251169,0.0
201701,0.9590297413869752,12.0,-5.85321346651092,0.2064293446809071,0.0,0.0,0.0,0.0,1.0,12.0,0.0,9.317143073420379e-69,-1.5936236906269392e-16,1.6628459104948025e-17,0.3520028266551402,0.6176539553197989,1.0,6.0,1.0,0.0,0.29727451563380003,0.8013255891032507,0.0,0.6905073824804351,0.0,0.7035750241172828,6.711688575455497e-14,0.0,0.0,0.0,0.0,1.0,0.4740700439081641,4.0,0.0,0.4001498515140627,0.693678279303424,-0.2588267095130286,0.40225871194897844,-0.587673339766478,0.7232051825983015,0.0
201702,0.9676922162725714,12.0,-7.670753934885068,0.15154372383240614,0.0,0.0,0.0,0.0,1.0,12.0,0.0,3.338487849851019e-69,3.331059347473935e-17,-4.305601651127838e-18,0.03211238569839904,0.25707068904802305,1.0,5.0,12.0,0.0,0.3023822865250637,0.8177759151628918,0.0,6.410706281365367,0.0,0.6216467653982454,1.887590511841601e-15,0.0,0.0,0.0,0.0,1.0,0.5050207711533152,4.0,0.0,0.26378516223088216,0.6209186202900512,-0.3112953745354052,0.4886713805387538,-0.4801972776355068,0.6885530372314292,0.0
201703,0.9299437942529737,12.0,-4.202720425901705,0.29230173490677663,0.0,0.0,0.0,0.0,1.0,12.0,0.0,2.4314537250606523e-67,-3.427970272479991e-17,-2.4788723924680484e-17,0.083379967627154,0.3836732625618326,1.0,4.0,12.0,0.0,0.286940730367138,0.5191049847757382,0.0,0.5209296449739786,0.0,0.6554700812617016,1.2430096712180567e-14,0.0,0.0,0.0,0.0,1.0,0.5455237167718388,3.0,0.0,0.4398158707015201,0.590211318577489,-0.14865642826930905,0.47923399179514964,-0.27606179387082874,0.7746770051031722,0.0
201704,0.9518887687192932,12.0,-8.084797885043614,0.2358899845141563,0.0,0.0,0.0,0.0,1.0,12.0,0.0,2.7588524712174923e-68,4.359808029091347e-17,-3.605606060262436e-18,-0.44843059987348105,0.5117861408192567,1.0,3.0,11.0,0.0,0.2754223681502933,0.30920250254638154,0.0,2.3430499197380494,0.0,1.4901302931571358e-08,2.9063676560724503e-10,0.0,0.0,0.0,0.0,1.0,0.5998505605521964,3.0,0.0,0.3477469418830953,0.4912369509750636,0.024206305736410073,0.493395063160543,-0.026053014636215868,0.5380950863112619,0.0
201705,0.9497542272826847,12.0,-6.215222245658553,0.48024662378964944,0.0,0.0,0.0,0.0,1.0,12.0,0.0,2.1721903464098502e-68,1.8916581004180385e-17,1.1584512293002118e-17,-0.257441183817216,0.5218531153782944,1.0,2.0,12.0,0.0,0.5367843097295214,0.3620482409465827,0.0,1.9760148132413702,0.0,1.4901164240964457e-08,2.968667422331641e-10,0.0,0.0,0.0,0.0,2.0,0.7010467805268618,3.0,0.0,0.22067034382865872,0.5552169963790287,-0.47201378740988775,0.4996680139027167,-0.3576270946352418,0.4524923675582424,0.0
201706,0.9238224603698653,12.0,-7.653639865782962,0.4579042583920549,0.0,0.0,0.0,0.0,1.0,12.0,0.0,1.937750199287944e-71,-7.073631566430323e-19,-8.471089627235483e-19,-0.13930204978874988,0.0736330745888139,1.0,1.0,11.0,0.0,0.9875872195555431,0.8246957556871483,0.0,2.485411799287076,0.0,1.4901161193847656e-08,2.9483869013955317e-10,0.0,0.0,0.0,0.0,2.0,0.7237293541504122,5.0,0.0,0.19677691274806206,0.4699551920937945,-0.6390631315001927,0.5752581326053614,-0.6042669331449061,0.5053850339252822,0.0
201707,0.7885848990052572,12.0,-8.792963985265757,0.28785526477451046,0.0,0.0,0.0,0.0,1.0,12.0,0.0,3.1013763166707334e-68,1.0541281634341795e-17,4.876812414521688e-18,-0.6674715951567219,0.953448667161306,1.0,2.0,10.0,0.0,0.4407145019186337,0.9015600472823175,0.0,1.0832557218874177,0.0,1.4901161193847656e-08,3.9791686543652234e-10,0.0,0.0,0.0,0.0,1.0,0.7587146633510838,6.0,0.0,0.06555014024193813,0.274232637036229,-0.45039576552333377,0.43541746845157064,-0.637183805513057,0.4882191710246208,0.0
201708,0.6960313258783687,12.0,-9.42575704518851,0.18387472205461527,0.0,0.0,0.0,0.0,1.0,12.0,0.0,2.88078616671354e-70,-1.3036185522384685e-18,-1.853633219070758e-18,-0.04634851148839024,0.4982242173594996,1.0,1.0,9.0,0.0,0.4696646663562595,1.079901986364125,0.0,1.393700906563765,0.0,1.4901161193847656e-08,7.765006598618288e-12,0.0,0.0,0.0,0.0,1.0,0.7396832987652101,6.0,0.0,0.003502838491665485,0.33617375409782474,-0.45931701927687385,0.4496175994757711,-0.61757991040738,0.561906995205267,0.0
201709,0.6678072754629887,12.0,-11.511986531867,0.21120840501264623,0.0,0.0,0.0,0.0,1.0,12.0,0.0,1.4881569077941237e-68,-1.947225585743161e-16,-6.63065537460177e-18,0.25815680668159874,0.5123488556617725,1.0,12.0,8.0,0.0,0.6165028558962348,1.2270773612811554,0.0,0.00819371771289642,0.0,1.4901351578019606e-08,2.8625845292420317e-10,0.0,0.0,0.0,0.0,1.0,0.7393423390373661,6.0,0.0,-0.002973849892114097,0.24093325976862823,-0.5057283888991003,0.5894622616797193,-0.6246633324580333,0.5948587936038925,0.0
201710,0.6032554117551507,12.0,-11.359597944289739,0.2498080876308508,0.0,0.0,0.0,0.0,1.0,12.0,0.0,2.573786144838148e-69,4.8492559608780367e-17,8.651285122523379e-18,0.12267840002101574,0.28245480820894603,1.0,11.0,7.0,0.0,0.4949624070171628,0.724471876092841,0.0,0.04684674293236837,0.0,1.4901161193847656e-08,2.915170308611602e-10,0.0,0.0,0.0,0.0,1.0,0.8094715171291538,6.0,0.0,-0.017924316997522494,0.15339958749186383,-0.5069679236020261,0.5242087982496527,-0.6260262617239828,0.7565806178748818,0.0
201711,0.6385188517594353,12.0,-11.16365321196434,0.20107094820563545,0.0,0.0,0.0,0.0,1.0,12.0,0.0,1.005805942049989e-71,6.5870172415084194e-18,1.5509570497623673e-18,-0.09117342970868064,0.049341459682294926,1.0,10.0,6.0,0.0,0.48803548225768717,0.9904485020587008,0.0,0.03170072174903558,0.0,1.4901161193847656e-08,2.9274793865463754e-10,0.0,0.0,0.0,0.0,2.0,0.8048633564658109,5.0,0.0,-0.013342144068579899,0.1943315107403817,-0.5098019944686715,0.5817342495416553,-0.661110378520286,0.8488723239216253,0.0
201712,0.7016907463632459,12.0,-11.456908782670686,0.20668565453890672,0.0,0.0,0.0,0.0,1.0,12.0,0.0,6.549193019578271e-70,-6.348451844047524e-17,6.976951720537866e-18,0.21146385123777242,0.3370166046847687,1.0,9.0,5.0,0.0,0.47294352237049064,0.7987843780170761,0.0,0.017807800602266343,0.0,1.4901161193847656e-08,2.923708809774204e-10,0.0,0.0,0.0,0.0,2.0,0.8066568137445987,6.0,0.0,-0.014719660599487414,0.19627747061454928,-0.49628410568310327,0.5415212582930845,-0.6581442937140816,0.7526424595506241,0.0
201801,0.7414598544756833,12.0,-10.540186682310008,0.20901013783256187,0.0,0.0,0.0,0.0,1.0,12.0,0.0,2.7626057497856196e-70,6.863369402262911e-17,-7.112030130384223e-18,0.6066597862824299,0.9485985825291173,1.0,8.0,4.0,0.0,0.49641978176020507,1.0385645373887094,0.0,0.13409009240912453,0.0,1.4901161193847656e-08,2.8906432592579726e-10,0.0,0.0,0.0,0.0,2.0,0.7979557971274248,6.0,0.0,0.006079362529389963,0.21340063533840065,-0.5544060467844134,0.5910311395874689,-0.6874324618911494,0.8272640332655424,0.0
201802,0.7594238784334201,12.0,-12.316968601243355,0.13856078556381274,0.0,0.0,0.0,0.0,1.0,12.0,0.0,2.6401673221479476e-69,-1.3899116753832255e-16,9.624517769509845e-18,0.4570249888567068,0.7052599189439138,1.0,7.0,3.0,0.0,0.4258015163051605,0.6839675677691149,0.0,0.12181505213156323,0.0,1.4901296134157238e-08,2.8752832398039523e-10,0.0,0.0,0.0,0.0,2.0,0.8154066231078675,6.0,0.0,-0.08998222713196417,0.23302789306524146,-0.505423783097091,0.505493148828112,-0.5413984932675959,0.611984031701018,0.0
201803,0.7135813601395387,12.0,-11.235767196311961,0.18992928566521586,0.0,0.0,0.0,0.0,1.0,12.0,0.0,1.392176450404462e-68,2.409436297166626e-16,-1.49894588053387e-17,0.259828926504277,0.37993951480855054,1.0,6.0,2.0,0.0,0.3974959531643983,0.3162507623279014,0.0,0.43625372779220933,0.0,1.4901161193847656e-08,2.8859068342684846e-10,0.0,0.0,0.0,0.0,2.0,0.8178474320413451,5.0,0.0,0.07415199516811428,0.20376121158271326,-0.2531053089056251,0.3703224457496314,-0.27932081941216363,0.4051491477472309,0.0
201804,0.8272842534716291,12.0,-9.718750702822852,0.13636818273891094,0.0,0.0,0.0,0.0,1.0,12.0,0.0,7.621998638170053e-69,-2.5124540153611855e-16,1.1247000109950387e-17,0.1249165948139803,0.3365352909536268,1.0,5.0,1.0,0.0,0.09559546478548572,0.36472744881070923,0.0,3.338505550001727,0.0,1.4901227639871686e-08,2.8530054405368934e-10,0.0,0.0,0.0,0.0,2.0,0.7246643414088121,5.0,0.0,0.265355231062114,0.3499146425631364,-0.05802093394250057,0.2408208682486022,-0.5094612898450831,0.6272610904739212,0.0
201805,0.8994023610352415,12.0,-8.085919903860164,0.304573032834516,0.0,0.0,0.0,0.0,1.0,12.0,0.0,6.352865404865714e-69,7.507069023245451e-17,-2.1058733897489327e-18,0.2133309728301161,0.7623730682270655,1.0,4.0,10.0,0.0,0.2897011825629051,0.5570114269228246,0.0,6.353362245190464,0.0,1.490128997917314e-08,2.937560311683293e-10,0.0,0.0,0.0,0.0,2.0,0.6003913445972158,5.0,0.0,0.33584464290956056,0.47326969413175224,-0.3866250954476037,0.5616974214922275,-0.6334450495029774,0.9363242869324817,0.0
201806,0.8789255736176497,12.0,-4.328189727854905,0.4926590004335287,0.0,0.0,0.0,0.0,1.0,12.0,0.0,1.5696477282534898e-68,3.1060049666257846e-17,-7.51390601231331e-18,-0.5879573352058406,0.5553917410796713,1.0,3.0,12.0,0.0,0.4041305553660168,0.43175786827931756,0.0,6.931611353384139,0.0,1.490118103903951e-08,2.9561704870689786e-10,0.0,0.0,0.0,0.0,2.0,0.8312587124164267,5.0,0.0,0.2533307283575069,0.3341034839365278,-0.30752119390727534,0.5366986841949852,-0.43873854722453426,0.5239571362715376,0.0
201807,0.752224455568411,12.0,-17.56482153920715,0.1610715166534619,0.0,0.0,0.0,0.0,1.0,12.0,0.0,1.884502833912829e-67,-2.0088651310898177e-16,1.3682458810823686e-17,-0.37466759977395425,0.33229310917899,1.0,12.0,11.0,0.0,0.148274564484045,0.18758346945971532,0.0,15.199264324419511,0.0,1.4901333601944357e-08,2.883393826582982e-10,0.0,0.0,0.0,0.0,3.0,0.8623227844082261,6.0,0.0,-0.23219635593188473,0.19938939040156584,-0.2942459111398913,0.2723564196170251,-0.2645737626180128,0.34339131964194025,0.0
201808,0.673656036684747,12.0,-13.023269242399836,0.16191961824773926,0.0,0.0,0.0,0.0,1.0,12.0,0.0,1.536523464990197e-70,5.695812650159317e-18,-1.3668508000011232e-18,-0.19814745436768486,0.3486829534347462,1.0,11.0,10.0,0.0,0.5037023724796985,0.46480269707532856,0.0,14.428024799903172,0.0,1.4901161193847656e-08,3.066626678638458e-10,0.0,0.0,0.0,0.0,3.0,0.8488966822912923,6.0,0.0,-0.2436518777889167,0.23565016029048952,-0.5707533951233134,0.44907447873185713,-0.5428992349473216,0.38697359993930386,0.0
201809,0.6619406861291725,12.0,-14.55052892000002,0.30117509410185855,0.0,0.0,0.0,0.0,1.0,12.0,0.0,7.549410774264996e-67,1.134051613628495e-16,4.655414188554535e-18,-0.22338956336305452,0.21270635879530012,1.0,10.0,9.0,0.0,0.7837952707684495,1.3652687988212444,0.0,15.51074068533415,0.0,1.4901209196175953e-08,2.918387347116711e-10,0.0,0.0,0.0,0.0,3.0,0.8391726822023239,5.0,0.0,-0.1865603490327581,0.173474400188903,-0.6962063763083919,0.591285780627934,-0.7367165198170292,0.6581566259013811,0.0
201810,0.7147193374476535,12.0,-13.970605228017522,0.30477041214760964,0.0,0.0,0.0,0.0,1.0,12.0,0.0,8.512930346266623e-67,1.8422724117152672e-16,1.319264310855377e-17,-0.16305016819023063,0.19263342959920593,1.0,9.0,8.0,0.0,0.6932754803010057,1.071638317560924,0.0,8.767675747132524,0.0,1.4901164020943196e-08,2.93308014277077e-10,0.0,0.0,0.0,0.0,2.0,0.7993041331547215,5.0,0.0,-0.1581501288434363,0.19497320675097554,-0.7068119304683356,0.6294419446051136,-0.7813268348328166,0.7889696315391638,0.0
201811,0.771594859618869,12.0,-14.070976712330111,0.3164101077066612,0.0,0.0,0.0,0.0,1.0,12.0,0.0,6.651441762452621e-67,-6.453731072834397e-17,5.650699302525254e-18,-0.34395207614403994,0.37102056710288644,1.0,8.0,7.0,0.0,0.6904485043659843,1.2582387448932275,0.0,8.467338598501447,0.0,1.4901161193847656e-08,2.9454652191546077e-10,0.0,0.0,0.0,0.0,2.0,0.7909755534812155,3.0,0.0,-0.1499066320085394,0.21785871931198258,-0.7119711777637661,0.6329437395252561,-0.7973927581501489,0.8266317680806637,0.0
201812,0.8129716741250713,12.0,-13.682021481994672,0.32455350467933153,0.0,0.0,0.0,0.0,1.0,12.0,0.0,6.674941959167486e-67,-4.268699899770593e-17,-6.4563767719241524e-18,-0.21517797690149754,0.19208214942726237,1.0,7.0,6.0,0.0,0.7162354370212993,1.2956407444716167,0.0,8.337228150913878,0.0,1.490121977180247e-08,2.9445728222799735e-10,0.0,0.0,0.0,0.0,2.0,0.7769829831460638,1.0,0.0,-0.14640956304934769,0.22615041151088283,-0.7165490827325426,0.6229320179009674,-0.800924347470591,0.8292851686025314,0.0
201901,0.8389675126313885,12.0,-13.582445474472507,0.2481664688804131,0.0,0.0,0.0,0.0,1.0,12.0,0.0,6.740400289370965e-67,4.521942275519202e-17,1.3066792739253778e-17,-0.1725477278709008,0.11693741975069423,1.0,6.0,5.0,0.0,0.6226520200427831,1.1226867445427204,0.0,7.868615020474344,0.0,1.490121316412658e-08,2.914273216936226e-10,0.0,0.0,0.0,0.0,2.0,0.7834961028553156,2.0,0.0,-0.1776444760920805,0.20993440210834716,-0.7015921582237792,0.6384387488888209,-0.7908303727783275,0.8030434173344475,0.0
201902,0.799013112395731,12.0,-13.687966665087616,0.1602783417142951,0.0,0.0,0.0,0.0,1.0,12.0,0.0,2.661910599045852e-69,5.497395449938395e-17,1.9698570437876428e-18,0.04807532385270235,0.2837849120997254,1.0,5.0,4.0,0.0,0.5463642571906686,1.5058968515441187,0.0,7.670406156888748,0.0,1.490146435934949e-08,2.8728024649086414e-10,0.0,0.0,0.0,0.0,2.0,0.7862730793516782,2.0,0.0,-0.19086139489910645,0.2416114880813148,-0.6703242270533836,0.5604515726512482,-0.7972195591093449,0.8648929324900729,0.0
201903,0.7808330136211701,12.0,-13.416304572056337,0.16626084807997524,0.0,0.0,0.0,0.0,1.0,12.0,0.0,4.8789175897026435e-67,-1.0953438588557257e-16,4.1726552633940416e-18,-0.24365635873120028,0.2717125977511179,1.0,4.0,3.0,0.0,0.5241437000432283,1.2030638566627623,0.0,8.205126157101764,0.0,1.4901161193847656e-08,2.877515584473923e-10,0.0,0.0,0.0,0.0,2.0,0.7955258202673009,2.0,0.0,-0.14442193246799426,0.2351819469453231,-0.6907970419260958,0.6759912110479027,-0.8165009012404393,0.9928328616285814,0.0
201904,0.8065576348759855,12.0,-13.179399355146307,0.1911007897659416,0.0,0.0,0.0,0.0,1.0,12.0,0.0,2.536892072448467e-68,-1.817623937430439e-16,-3.7993743482705545e-18,0.01844569359394313,0.3712339771397363,1.0,3.0,2.0,0.0,0.5260040396198381,0.6926782863695694,0.0,8.377653086105068,0.0,1.4901161193847656e-08,2.8998815330447206e-10,0.0,0.0,0.0,0.0,2.0,0.7952723608379701,2.0,0.0,-0.1323167522761513,0.19910525302919202,-0.6804300688403909,0.6805546759758592,-0.7383589749772914,0.7686206766973724,0.0
201905,0.835458935858991,12.0,-17.673116404145762,0.20095796358551973,0.0,0.0,0.0,0.0,1.0,12.0,0.0,9.173788223356104e-70,-1.74822033417527e-16,-5.580797229332444e-19,-0.24858288230580913,0.3821598750936778,1.0,2.0,1.0,0.0,0.25407005069082267,0.2921463220213877,0.0,6.968699620840593,0.0,1.4901161193847656e-08,2.9311386018333845e-10,0.0,0.0,0.0,0.0,2.0,0.78048619589282,5.0,0.0,-0.18561998886235553,0.22689313342690876,-0.4875353966527944,0.37359032088968464,-0.5292449901843482,0.40426608945456427,0.0
201906,0.7841877502276867,12.0,-9.932966007493887,0.31255048237118155,0.0,0.0,0.0,0.0,1.0,12.0,0.0,1.1039804408736802e-67,1.8090762097471412e-16,1.8475442042904053e-17,-0.05763100117784705,0.1771495652474598,1.0,1.0,9.0,0.0,0.1766331102216916,0.3519531861538692,0.0,3.0164223959353866,0.0,1.4908301154232e-08,2.7744306691665547e-10,0.0,0.0,0.0,0.0,2.0,0.6695026468679377,6.0,0.0,0.21371887973039985,0.41265947799053243,-0.3378255260024009,0.2753391241870949,-0.5313308042022521,0.3718878033459427,0.0
201907,0.86806407719604,12.0,-6.639612293168442,0.18002274680937322,0.0,0.0,0.0,0.0,1.0,12.0,0.0,1.618027835217999e-69,-1.2560951280034575e-17,4.248784020191804e-19,-0.27413301313419286,0.3796296458935045,1.0,2.0,8.0,0.0,0.23947420943628447,0.10893837663903087,0.0,1.283417541580818,0.0,1.4901282794379367e-08,2.8664019017974435e-10,0.0,0.0,0.0,0.0,2.0,0.7016361959163427,4.0,0.0,0.4135583562109299,0.5197007315353163,-0.17395711186104487,0.26776505362736785,-0.29298630389664315,0.2576107659722139,0.0
201908,0.876258207442425,12.0,-8.201591406393772,0.1495148096769613,0.0,0.0,0.0,0.0,1.0,12.0,0.0,8.59222644203694e-68,-1.343783980915755e-16,8.426801555536298e-18,0.045549003321488216,0.2999392905773681,1.0,12.0,7.0,0.0,0.09492425538934388,0.3391369469664927,0.0,1.5436961153541828,0.0,0.6718247933633197,9.585226258369699e-14,0.0,0.0,0.0,0.0,2.0,0.5730918407207619,6.0,0.0,0.21183395357276202,0.5074782229743162,-0.19501300663687174,0.27490311265896705,-0.30327122278410507,0.35082636982152465,0.0
201909,0.8571714424835547,12.0,-5.994467415461687,0.23080533479800808,0.0,0.0,0.0,0.0,1.0,12.0,0.0,7.334189679475504e-69,-8.765501256250302e-17,-8.374805629581804e-18,0.32604998300980104,0.6418901300930295,1.0,11.0,6.0,0.0,0.1629363175133243,0.48041444374673575,0.0,1.480098124185486,0.0,0.5946112586548192,0.0,0.0,0.0,0.0,0.0,2.0,0.598631325470628,5.0,0.0,0.4115491230564463,0.5093551167517534,-0.36449916877452043,0.20720567522785865,-0.5869158982242548,0.4403707624949697,0.0
201910,0.7977162076689881,12.0,-7.262496179776261,0.19765468955595838,0.0,0.0,0.0,0.0,1.0,12.0,0.0,3.100400318860602e-70,1.4147263132863112e-18,1.6942179254475156e-18,-0.1393020497887495,0.07363307458881761,1.0,10.0,5.0,0.0,0.0956061770098828,0.3267154555692702,0.0,2.5683482952211265,0.0,1.4901161193847656e-08,2.8951392156444634e-10,0.0,0.0,0.0,0.0,2.0,0.6688323068096725,5.0,0.0,0.31895773865267313,0.3748284060871708,-0.16281817332559412,0.14679988929801396,-0.4826886900948085,0.2971078860715035,0.0
201911,0.8010961649181498,12.0,-7.985749413814045,0.29133664854136226,0.0,0.0,0.0,0.0,1.0,12.0,0.0,2.5478822877031045e-70,1.3124979187079276e-17,1.0630390519073671e-18,-0.1621800637469673,0.3697851538983152,1.0,9.0,4.0,0.0,0.2654296341718079,0.5037763037703109,0.0,3.474760763296299,0.0,1.4901161193847656e-08,2.9343056754898986e-10,0.0,0.0,0.0,0.0,2.0,0.6742976454881936,6.0,0.0,0.26816769719598177,0.31352343890320256,-0.3076348548772796,0.25629148285869685,-0.4474625830559607,0.31312119510328124,0.0
201912,0.7735594033226717,12.0,-7.942568755640924,0.24366697753505917,0.0,0.0,0.0,0.0,1.0,12.0,0.0,1.0278863059798004e-68,8.327552568168406e-17,-9.688850261473938e-18,0.045618353088408836,0.2688642553682794,1.0,8.0,3.0,0.0,0.32101657076302964,0.8023387965758774,0.0,4.133993695952614,0.0,1.490148882492382e-08,2.880881330374667e-10,0.0,0.0,0.0,0.0,2.0,0.5963692693299718,6.0,0.0,0.22175981049785046,0.3673946115952279,-0.4215657057288078,0.40784072121030035,-0.5568747429041125,0.5499072838003705,0.0
202001,0.7230218299852391,12.0,-8.047740954780776,0.23512948927845626,0.0,0.0,0.0,0.0,1.0,12.0,0.0,2.818696050749908e-69,-1.0321818389389352e-17,-4.027554026367703e-19,-0.07584390738792886,0.3648359558416162,1.0,7.0,2.0,0.0,0.39605657723974896,0.7139485337000188,0.0,10.228924927651292,0.0,1.4901161193847656e-08,2.8668477993908433e-10,0.0,0.0,0.0,0.0,2.0,0.6744700439845832,7.0,0.0,0.1257061639940763,0.26270875102358027,-0.5192157339491746,0.4631858718363923,-0.6329119690552285,0.6873834370765053,0.0
202002,0.6974300611338002,12.0,-11.68362921119077,0.14969641049364718,0.0,0.0,0.0,0.0,1.0,12.0,0.0,2.409697051282911e-68,-1.7588846535768774e-17,-1.3422667467781089e-17,0.18694894516308103,0.9856240429620492,1.0,6.0,1.0,0.0,0.42187528295641014,1.0453277715751472,0.0,10.520754591801685,0.0,1.4901377068653377e-08,2.849557017333235e-10,0.0,0.0,0.0,0.0,1.0,0.6945761462946677,8.0,0.0,-0.07458019285080064,0.2849784973526676,-0.5405430462402073,0.5389918181526807,-0.6954005455983823,0.8980755521081009,0.0
202003,0.7154236345504478,12.0,-12.688036543126147,0.24680852467555478,0.0,0.0,0.0,0.0,1.0,12.0,0.0,1.6757645407416177e-67,1.4735633783511872e-16,-8.931406744611428e-18,-0.621891988355302,1.1854068833743117,1.0,5.0,11.0,0.0,0.5603735004549433,1.185234080931989,0.0,9.97003334618275,0.0,1.4901161193847656e-08,2.9002071789640345e-10,0.0,0.0,0.0,0.0,1.0,0.7209965594060154,8.0,0.0,-0.08864353667879939,0.2710445953445111,-0.62120318858205,0.6388508515140435,-0.7334429432008543,0.9222173475062461,0.0
202004,0.7227548051381744,12.0,-13.140003909722346,0.18632077898461885,0.0,0.0,0.0,0.0,1.0,12.0,0.0,1.0533696830370193e-68,7.04915152298545e-17,9.604851265419359e-18,0.08695980348253021,0.27913984781295514,1.0,4.0,10.0,0.0,0.42532977995644755,0.7623991094781886,0.0,12.68714717013672,0.0,1.4901161193847656e-08,2.9299192594911363e-10,0.0,0.0,0.0,0.0,1.0,0.6502994372100902,9.0,0.0,-0.16996111542473982,0.3922195070021298,-0.5051202059143306,0.7238626898859768,-0.6678085032135701,0.8958980254645547,0.0
202005,0.7414327985181471,12.0,-12.754689626093034,0.19592003003981784,0.0,0.0,0.0,0.0,1.0,12.0,0.0,4.0958579151698805e-68,8.564188559688924e-17,1.0836078028341204e-17,-0.08255421943953986,0.42486220519657547,1.0,3.0,9.0,0.0,0.7129480327562573,0.7960551550138851,0.0,8.913592950395262,0.0,1.4901333297261593e-08,2.928980417393531e-10,0.0,0.0,0.0,0.0,1.0,0.6487309022301265,9.0,0.0,-0.17454037006220793,0.3986451882510441,-0.5510447758766492,0.9123510047476331,-0.5837822138137612,0.9049661031431774,0.0
202006,0.7031156726714716,12.0,-13.445020851752954,0.14742507180954564,0.0,0.0,0.0,0.0,1.0,12.0,0.0,1.6240935568803523e-70,-2.4916289391305726e-17,2.4417342050502146e-18,-0.060675933967612894,0.39539741254486777,1.0,2.0,8.0,0.0,0.454752392921105,0.5229564368546133,0.0,8.48805629785422,0.0,1.4901328874112684e-08,2.911598045737255e-10,0.0,0.0,0.0,0.0,1.0,0.688898326625299,9.0,0.0,-0.14468056564068654,0.3534614433322836,-0.46095845742104147,0.6742570921939823,-0.5741348394030593,0.7472647171738437,0.0
202007,0.8281099399993395,12.0,-9.796029336727004,0.1684301213525396,0.0,0.0,0.0,0.0,1.0,12.0,0.0,1.1626298206913654e-68,1.4913883054841665e-17,-1.1451032785460146e-17,0.08049495092706715,0.48805250280956336,1.0,1.0,7.0,0.0,0.35438302566435625,1.3844993264688852,0.0,7.2038858820759755,0.0,1.4901329576066477e-08,2.8447044959438277e-10,0.0,0.0,0.0,0.0,1.0,0.7134745706092683,8.0,0.0,-0.0036579651280211956,0.3078785187163144,-0.5125621380007598,0.45991547993912074,-0.747614630026285,0.8430329121210448,0.0
202008,0.8282164217381273,12.0,-13.27917053347114,0.27039526040393214,0.0,0.0,0.0,0.0,1.0,12.0,0.0,1.4333970093469928e-67,-2.8903900334764346e-16,-3.2485774038809295e-18,-0.2691266049614475,0.17947881970656498,1.0,12.0,6.0,0.0,0.43345150368573565,0.7923219967182283,0.0,1.0587168132085705,0.0,1.4901270573894904e-08,2.884109729272588e-10,0.0,0.0,0.0,0.0,2.0,0.7145830154143914,8.0,0.0,-0.06087411969464281,0.2850044080467054,-0.5523532406862959,0.5237741986963167,-0.6938861162883789,0.7692755287412474,0.0
202009,0.8085516144160515,12.0,-9.343175205943687,0.4199395536308582,0.0,0.0,0.0,0.0,1.0,12.0,0.0,1.3988492826457693e-68,-1.0724980016491133e-17,-6.97036018032579e-18,-0.08449474965576914,0.5249320123855232,1.0,11.0,5.0,0.0,0.7071230374053735,0.6076988554679875,0.0,0.9567875108860361,0.0,1.4901253149919746e-08,2.94645258442256e-10,0.0,0.0,0.0,0.0,2.0,0.7145938297993444,7.0,0.0,0.15444297263033316,0.3166173416802895,-0.5635307922038784,0.44869554860193495,-0.5967474268858186,0.5509570371922133,0.0
202010,0.8978509092677146,12.0,-9.370116441281668,0.2845225260472659,0.0,0.0,0.0,0.0,1.0,12.0,0.0,2.6668857124209026e-68,-2.8741842752611714e-16,1.1967133400013501e-17,0.06391230820398006,0.15354215874793098,1.0,10.0,4.0,0.0,0.22527880618565915,0.5155151813609647,0.0,1.1118063251862613,0.0,1.4901161193847656e-08,2.9359958638324674e-10,0.0,0.0,0.0,0.0,2.0,0.7037842421059639,7.0,0.0,0.15917763463108714,0.23888418287988852,-0.3332658593057323,0.2798864134541865,-0.48513374583220503,0.4481391093557309,0.0
202011,0.8562732320482678,12.0,-7.811363613671536,0.332171407843339,0.0,0.0,0.0,0.0,1.0,12.0,0.0,2.3573698088303338e-68,-1.513289827683025e-16,5.324564272134655e-18,-0.5945628389729121,0.5040661401050117,1.0,9.0,3.0,0.0,0.4948675729073017,0.6755326737527846,0.0,0.7167747862486528,0.0,1.4901161854491126e-08,6.713743499332077e-09,0.0,0.0,0.0,0.0,2.0,0.6988406235438186,7.0,0.0,0.19864097938564937,0.29810431576024843,-0.30128405549627013,0.5767577966811898,-0.3452356478867115,0.5906291873973293,0.0
202012,0.7900281054607171,12.0,-8.059788303943705,0.16745725623106317,0.0,0.0,0.0,0.0,1.0,12.0,0.0,3.098882004072481e-68,-1.3707020895778945e-16,-7.238472175409233e-19,-0.293140125703708,0.5454282772527865,1.0,8.0,2.0,0.0,0.26384357628732474,0.5080428758891424,0.0,0.8200529923852486,0.0,1.4901164267193143e-08,2.8671082710754695e-10,0.0,0.0,0.0,0.0,2.0,0.6467093154690212,7.0,0.0,0.2144232531355378,0.3354855624113244,-0.21258542997154695,0.5176832557817037,-0.3401962940700488,0.5428385014860588,0.0
202101,0.8018128772621517,12.0,-7.440739257717977,0.18453845679262335,0.0,0.0,0.0,0.0,1.0,12.0,0.0,3.6745766102527104e-70,-4.634624795895966e-18,-1.418720583437251e-18,-0.2480163198346513,0.4582313806974984,1.0,7.0,1.0,0.0,0.16159527120026215,0.4853543869729541,0.0,1.5996250107802699,0.0,1.4901161193847656e-08,2.8554452574951484e-10,0.0,0.0,0.0,0.0,2.0,0.7017998513411655,7.0,0.0,0.16950455380668505,0.2632480943282698,-0.28795996664110607,0.31005911133879693,-0.5294682926730869,0.6175119282837571,0.0
202102,0.7955253651696971,12.0,-13.232186107553478,0.1487795838830443,0.0,0.0,0.0,0.0,1.0,12.0,0.0,9.383853356850376e-68,8.998103053026032e-17,6.272031943074609e-18,-0.3863873597785889,0.6084137061219049,1.0,6.0,1.0,0.0,0.33751891702484016,0.47353320551143463,0.0,2.3168978474791793,0.0,1.4901420144949496e-08,2.881421525361699e-10,0.0,0.0,0.0,0.0,2.0,0.7650770916947616,8.0,0.0,-0.08231075232184625,0.2547540542835706,-0.4029404894239354,0.5161379648626525,-0.4619643618751319,0.5712465367018823,0.0
202103,0.6928068886045445,12.0,-7.877009154053313,0.38018066628208136,0.0,0.0,0.0,0.0,1.0,12.0,0.0,3.2274403366115634e-68,-3.927511309649817e-17,9.56427304937306e-18,-0.6515238732539333,1.5342513623946872,1.0,5.0,12.0,0.0,0.4512941062355188,0.5523579845785218,0.0,0.18707882620059912,0.0,1.490122419650288e-08,2.9271916845008984e-10,0.0,0.0,0.0,0.0,2.0,0.7612982664474282,7.0,0.0,0.2037470309380902,0.31242128674354225,-0.24013045851669307,0.4045977631525727,-0.5237127455690468,0.5183117070569601,0.0
202104,0.7937954320921092,12.0,-8.984543329464122,0.2263918879225554,0.0,0.0,0.0,0.0,1.0,12.0,0.0,8.12947651302602e-69,6.737161008489283e-17,1.0190215325775133e-17,0.1258682060751821,0.3266037210982043,1.0,4.0,11.0,0.0,0.2903130139583373,0.3554427234281048,0.0,1.419370074554969,0.0,1.49012305046388e-08,2.920851491741731e-10,0.0,0.0,0.0,0.0,2.0,0.7605013879567397,7.0,0.0,0.15169660146704556,0.2396043290928084,-0.2751573504280063,0.37855354126504087,-0.4047174874953311,0.39171075509222586,0.0
202105,0.8255345907936685,12.0,-9.356446766251562,0.2645032882604783,0.0,0.0,0.0,0.0,1.0,12.0,0.0,3.316805064613245e-69,2.3055523628093322e-17,-3.408194561621682e-18,-0.30251343184871726,0.378291949655941,1.0,3.0,10.0,0.0,0.4361453521846355,0.7717591386284004,0.0,1.4792062943053803,0.0,1.4901561817837838e-08,2.934276588551744e-10,0.0,0.0,0.0,0.0,1.0,0.754253728123028,8.0,0.0,0.14410998885978252,0.23506408292895956,-0.37827389670741196,0.4750756578664344,-0.5483414948273524,0.7708817922864648,0.0
202106,0.826055896349519,12.0,-8.00404206341948,0.2750929413967143,0.0,0.0,0.0,0.0,1.0,12.0,0.0,3.6847757276855596e-68,4.0347041909707114e-18,5.95221094529572e-18,-0.4162049173768883,0.48103096114299176,1.0,2.0,9.0,0.0,0.5807479428132646,0.7288682702339037,0.0,2.159875635464354,0.0,1.4901367861735292e-08,2.896595090142568e-10,0.0,0.0,0.0,0.0,2.0,0.7471864685982743,7.0,0.0,0.1529203618311066,0.24338945441450785,-0.4586757132598563,0.6791547133058207,-0.581022649669476,0.8150356613726539,0.0
202107,0.7762635193593028,12.0,-9.081734111249887,0.17634144180290748,0.0,0.0,0.0,0.0,1.0,12.0,0.0,3.5182989986720455e-68,1.3826817690646432e-17,-1.123671506828582e-17,-0.3521163765645721,0.6071493636672388,1.0,1.0,8.0,0.0,0.3150716706166219,1.1378819458795062,0.0,1.8815963192701552,0.0,1.4901161193847656e-08,2.8390448061281823e-10,0.0,0.0,0.0,0.0,2.0,0.7520441256507501,8.0,0.0,0.0430320549376798,0.33791354424865894,-0.37902068702440833,0.44706101494091216,-0.6474763914713404,0.682009167035638,0.0
202108,0.7578203507058416,12.0,-9.914996255585255,0.27224375497513775,0.0,0.0,0.0,0.0,1.0,12.0,0.0,3.5726248293127286e-68,1.2137475669799775e-16,1.7615910793407283e-18,-0.27402680774398863,0.6082648439045992,1.0,12.0,7.0,0.0,0.3481479800593379,0.8875809390167144,0.0,2.8406832399744153,0.0,0.44348985321637735,0.44348985321637735,0.0,0.0,0.0,0.0,2.0,0.7487487608605229,8.0,0.0,0.10743400074826763,0.2339831837148662,-0.4364536094497302,0.34385723586496464,-0.6246020301158703,0.750285914686535,0.0
202109,0.7696184586329192,12.0,-6.972052281413482,0.3844223615983061,0.0,0.0,0.0,0.0,1.0,12.0,0.0,2.099490780922983e-68,5.737781841918759e-17,-9.751579346868946e-18,-0.1700300731754216,0.10077507102301779,1.0,11.0,6.0,0.0,0.5397393144555916,0.6876676874106391,0.0,2.537662033200606,0.0,1.4901161193847656e-08,2.9258191119002423e-10,0.0,0.0,0.0,0.0,2.0,0.7455833661970278,7.0,0.0,0.3012057246075222,0.3355456682500135,-0.46036858180206075,0.545260862326991,-0.5299116355455424,0.6267995480381411,0.0
202110,0.801137510747648,12.0,-7.922877881635655,0.2509755204332186,0.0,0.0,0.0,0.0,1.0,12.0,0.0,2.159279097843906e-68,-2.2895326690628702e-17,-1.1871452942056148e-17,-0.16337604174736575,0.25113986675911143,1.0,10.0,5.0,0.0,0.22791088616690797,0.5522825694413039,0.0,2.0090203356541454,0.0,1.490133553276184e-08,2.925539437979425e-10,0.0,0.0,0.0,0.0,2.0,0.7558403779949997,7.0,0.0,0.22861049065780484,0.28387729169201525,-0.21848992717234125,0.3215972190465678,-0.4241991948708055,0.5566414699666792,0.0
202111,0.818065214251498,12.0,-7.512063640545438,0.18091201057040968,0.0,0.0,0.0,0.0,1.0,12.0,0.0,3.055943076153358e-125,-1.4791141972893971e-31,-1.1093356479670479e-31,-0.2953852021357741,0.33320158565584507,1.0,9.0,4.0,0.0,0.241207972641575,0.5082185108763924,0.0,1.7754878919555672,0.0,1.490133353356605e-08,2.685334306317225e-15,0.0,0.0,0.0,0.0,2.0,0.7222786538642402,6.0,0.0,0.28419517493719676,0.2883214828984324,-0.14793009804733806,0.37460431176455794,-0.31684200138169577,0.5343537178646354,0.0
202112,0.8124130108832898,12.0,-6.803326200415471,0.11666623187351784,0.0,0.0,0.0,0.0,1.0,12.0,0.0,1.3666827508783231e-68,6.006996030171417e-17,4.0733807982425745e-18,0.0020459461567792097,0.478191470453977,1.0,8.0,3.0,0.0,0.15715232351657688,0.37510131569283295,0.0,2.8172075176417977,0.0,0.8262828046941235,4.0380517377273134e-14,0.0,0.0,0.0,0.0,2.0,0.7275648210097339,5.0,0.0,0.38346160717624805,0.5671624306012337,-0.048186262779862765,0.3094791663138155,-0.37830808970436713,0.3724161498549513,0.0
202201,0.9023654708064904,12.0,-5.602133092832247,0.13589020772218718,0.0,0.0,0.0,0.0,1.0,12.0,0.0,3.61536589292692e-68,2.82636408191029e-16,1.7462138318187908e-17,0.11946165919543292,0.23840445202499955,1.0,7.0,2.0,0.0,0.07200651039266126,0.3573497820802264,0.0,3.0358729190933045,0.0,0.7902833894478509,0.0,0.0,0.0,0.0,0.0,2.0,0.5764794296091771,2.0,0.0,0.47650616580141875,0.7669650459395243,-0.14581084429314028,0.14201662155884312,-0.40628840832319263,0.359627777237219,0.0
202202,0.9201419192681188,12.0,-6.056064314162587,0.2347834232622636,0.0,0.0,0.0,0.0,1.0,12.0,0.0,2.935523207181709e-68,6.798611374005307e-17,9.748283314844738e-18,-0.05311219646466528,0.4963121867955559,1.0,6.0,12.0,0.0,0.09889538010355065,0.39698156581549504,0.0,2.9343050337714973,0.0,0.906900843613096,0.0,0.0,0.0,0.0,0.0,4.0,0.4216665573083515,2.0,0.0,0.4056258162612309,0.6570052153796876,-0.02051103259277101,0.3170499778896737,-0.1449918538500963,0.4950246865042842,0.0
202203,0.8864966307337648,12.0,-2.691166302185325,0.3847480551328534,0.0,0.0,0.0,0.0,1.0,12.0,0.0,6.154334237629719e-68,-1.3205291383630578e-16,2.511789422209833e-17,0.28496898955756317,0.5965235462085188,1.0,5.0,11.0,0.0,0.2889393656676322,0.3865154107812261,0.0,0.5396792156366317,0.0,0.9698892234752077,0.0,0.0,0.0,0.0,0.0,4.0,0.4234477470730941,1.0,0.0,0.6544923090455657,0.9951718919499168,-0.011551208319445146,0.33238292563662797,-0.26794314180497497,0.4091873787919602,0.0
202204,0.8978424949041702,12.0,-4.477909189461253,0.30535415197779114,0.0,0.0,0.0,0.0,1.0,12.0,0.0,2.0962772751238567e-67,1.3428306934604469e-17,2.538059533861319e-18,0.22593106782100553,0.7317495860303784,1.0,4.0,10.0,0.0,0.15037074899831457,0.24308407450164587,0.0,0.30057363922901964,0.0,1.490128649930831e-08,2.923274483602746e-10,0.0,0.0,0.0,0.0,4.0,0.38480802688664334,2.0,0.0,0.6285448617764764,0.8937624177964326,0.13946190208353673,0.4226100633636261,-0.13558075147522233,0.3763525469558619,0.0
202205,0.9374032274841894,12.0,-4.020609377302306,0.3477043293206491,0.0,0.0,0.0,0.0,1.0,12.0,0.0,7.608181738786664e-70,-5.287629122198988e-18,1.13044630704687e-18,-0.27815900047491643,0.3449724310483632,1.0,3.0,9.0,0.0,0.18782257181000855,0.2759528352647493,0.0,0.4920499382948849,0.0,1.4901161193847656e-08,7.690883450287378e-09,0.0,0.0,0.0,0.0,4.0,0.5162281719119356,3.0,0.0,0.5654945996428803,0.7606266623724559,-0.09942624855184554,0.3625584363240082,-0.23244744560202335,0.3508681008626989,0.0
202206,0.9092002534823357,12.0,-4.626058989166825,0.2647493673805652,0.0,0.0,0.0,0.0,1.0,12.0,0.0,1.7594022688217404e-68,2.952287453613113e-16,4.609747392100627e-18,0.015213302735354779,0.26866946203295905,1.0,2.0,8.0,0.0,0.14470932355397162,0.5737258230295526,0.0,1.669581140892727,0.0,0.6196398163352628,3.719939711930886e-14,0.0,0.0,0.0,0.0,4.0,0.503023081993919,4.0,0.0,0.45637933138278797,0.6394448647010996,-0.29981478650912124,0.30345247727907404,-0.4801927154634543,0.49620021536237224,0.0
202207,0.8250579354744569,12.0,-6.364199706161822,0.17505932449239792,0.0,0.0,0.0,0.0,1.0,12.0,0.0,2.3533561905863555e-69,-2.0418299162343467e-17,6.851409094598746e-18,-0.2681137179587032,0.4649042020469706,1.0,1.0,7.0,0.0,0.13773182734736336,1.0256935410024486,0.0,1.7815235828178144,0.0,0.7483644496015508,0.0,0.0,0.0,0.0,0.0,4.0,0.5210302450354328,4.0,0.0,0.3446837966210514,0.5657995168626467,-0.26192309396332686,0.24443096274432227,-0.671543295124193,0.6854158082822861,0.0
202208,0.7687039740159816,12.0,-9.599470714167659,0.15127526665859137,0.0,0.0,0.0,0.0,1.0,12.0,0.0,2.0161621619068156e-69,4.101564629480949e-17,9.922009273899492e-19,-0.33938447942249717,0.3750098684022081,1.0,1.0,6.0,0.0,0.2269856331720931,0.5417462787366519,0.0,1.9654416697500536,0.0,1.4901161193847656e-08,2.835344042915375e-10,0.0,0.0,0.0,0.0,2.0,0.6011922202147817,4.0,0.0,0.17126920190458111,0.4576660442422029,-0.3362905311511486,0.33006289003464184,-0.5595875703415997,0.5326136568273409,0.0
202209,0.7554136261987323,12.0,-8.066646039168724,0.3534735342950387,0.0,0.0,0.0,0.0,1.0,12.0,0.0,2.7130630580093985e-67,2.5653119473803816e-16,1.9224563804675314e-17,0.10393336039436583,0.46969505878349266,1.0,12.0,5.0,0.0,0.6325903882920532,0.8547677168537798,0.0,1.8189445321528834,0.0,1.4901179846581756e-08,2.9108270796086984e-10,0.0,0.0,0.0,0.0,2.0,0.6017864808898209,4.0,0.0,0.19841002509847705,0.5246287385144883,-0.4828355575657899,0.9004587044233615,-0.5628279413418783,0.9232555154803979,0.0
202210,0.7851222395498232,12.0,-7.1890036627885,0.39265118604058324,0.0,0.0,0.0,0.0,1.0,12.0,0.0,2.2320041184816496e-68,-6.552916093942404e-17,-1.1076990943384039e-17,-0.43800577381995087,0.46532784295840884,1.0,11.0,4.0,0.0,0.7444592411611163,1.004864922365478,0.0,1.2389220082573151,0.0,1.4901161193847656e-08,2.9403634014874463e-10,0.0,0.0,0.0,0.0,2.0,0.5313035281818344,3.0,0.0,0.30184946782318783,0.6456381129529192,-0.5420362693879195,1.025053234261355,-0.625909921448957,1.2391981123830478,0.0
202211,0.8149957193544027,12.0,-7.658538797738518,0.3317784909983749,0.0,0.0,0.0,0.0,1.0,12.0,0.0,2.2948006624820263e-68,1.3514129564381978e-17,9.944342817395192e-18,0.009283066535082972,0.4804339098058168,1.0,10.0,3.0,0.0,0.5846467624215796,0.8729265223908079,0.0,1.7637681136124932,0.0,1.4901161193847656e-08,2.931075431928189e-10,0.0,0.0,0.0,0.0,2.0,0.5268901506889979,4.0,0.0,0.2551275676037812,0.5626271741467053,-0.4246715434180156,0.9168433559051596,-0.5817454275305871,1.0780229808460315,0.0
202212,0.8259547850425156,12.0,-7.648533995997424,0.31097649938709615,0.0,0.0,0.0,0.0,1.0,12.0,0.0,3.635674746981336e-68,-1.4775473410075341e-16,2.169239957655507e-17,-0.061802866257416766,0.269870019949472,1.0,9.0,2.0,0.0,0.6860866751134728,0.6746315086272145,0.0,2.2929117274805235,0.0,1.4901218431485014e-08,2.9056769245268927e-10,0.0,0.0,0.0,0.0,2.0,0.5827452881296293,7.0,0.0,0.22632589341204273,0.4545454039183877,-0.4498622459002726,1.0676292081932368,-0.5160142363362037,0.912740295331857,0.0
202301,0.8220136802890857,12.0,-7.248353352717217,0.26857689829960535,0.0,0.0,0.0,0.0,1.0,12.0,0.0,8.841999912471012e-123,-3.944304526105059e-31,-5.9164567891575885e-31,-0.26247771836007133,0.36256100641520583,1.0,8.0,1.0,0.0,0.6730111468973732,1.5924569883208055,0.0,8.214884859330565,0.0,1.4901370861164608e-08,2.850869493524407e-10,0.0,0.0,0.0,0.0,2.0,0.5855730220076131,8.0,0.0,0.15368299706111183,0.46999641384478347,-0.49392372291959846,0.887096201592012,-0.6649884167982787,1.0544220397355277,0.0
202302,0.8464871395760728,12.0,-12.258978611369931,0.1740288746948888,0.0,0.0,0.0,0.0,1.0,12.0,0.0,1.536438582201482e-69,-3.713644947444262e-17,7.731235214884334e-19,-0.07745874684808114,0.44427913737072894,1.0,7.0,12.0,0.0,0.6380545251464894,0.8635127617052311,0.0,2.3510580305036046,0.0,1.490116253485686e-08,1.7697562361922074e-10,0.0,0.0,0.0,0.0,2.0,0.6073114510897433,8.0,0.0,-0.053507313841376726,0.400457783174108,-0.46622070292522605,0.7597099206341638,-0.5708554146085891,0.9940836278828987,0.0
202303,0.7736179857976411,12.0,-6.809261035991448,0.35132545019488065,0.0,0.0,0.0,0.0,1.0,12.0,0.0,2.296538318748657e-70,-4.5821132513214866e-18,-1.583267523319828e-18,-0.24314397194048246,0.37889242004674506,1.0,6.0,12.0,0.0,0.6325542192099657,0.7562787285223898,0.0,3.3665621824781238,0.0,1.4901162262878542e-08,6.050343518974395e-11,0.0,0.0,0.0,0.0,2.0,0.6559293213174763,7.0,0.0,0.24892311203591383,0.40152394397035146,-0.39443499871006216,0.9743962146201554,-0.4263913132220791,1.1070831710644602,0.0
202304,0.8246477357312387,12.0,-9.771110873702604,0.23234382519063249,0.0,0.0,0.0,0.0,1.0,12.0,0.0,7.127986954233404e-68,-1.5390658193321389e-16,2.3410899362270182e-17,0.29926778795078035,0.40594632244317785,1.0,5.0,11.0,0.0,0.27766353232292734,0.26848561856284087,0.0,0.2293271447261087,0.0,1.4901161193847656e-08,2.920252999265872e-10,0.0,0.0,0.0,0.0,2.0,0.7045381029742555,7.0,0.0,0.12542371573372613,0.3778562724773388,-0.1406576217832025,0.5577401148712907,-0.1910596199799723,0.477988219886864,0.0
202305,0.8155372449076033,12.0,-8.908912838354334,0.41300098345120906,0.0,0.0,0.0,0.0,1.0,12.0,0.0,8.953980731546103e-68,-1.0464791319254978e-16,1.7105457667972375e-18,0.219189083917272,0.799002733342734,1.0,4.0,10.0,0.0,0.7577453069726269,0.522943942064116,0.0,0.2340335356358835,0.0,1.4901161193847656e-08,1.2774461643488249e-08,0.0,0.0,0.0,0.0,2.0,0.6981734776916022,7.0,0.0,0.1128034451654327,0.42762916407663787,-0.44869335963605694,0.6510978105543163,-0.4215781628623607,0.5864698280377164,0.0
202306,0.7922796809279429,12.0,-10.90428219407235,0.30073049195990387,0.0,0.0,0.0,0.0,1.0,12.0,0.0,3.47820759375514e-68,-1.7010470018903246e-17,7.907318008838214e-18,0.2627110391563245,0.45290308359451686,1.0,3.0,9.0,0.0,0.587842245314292,0.8882080692874442,0.0,0.2446812553104014,0.0,1.4901161193847656e-08,2.919692956932661e-10,0.0,0.0,0.0,0.0,2.0,0.6853152193003621,8.0,0.0,0.0023647307124268113,0.3001243203538202,-0.5282262911149571,0.6516439694422271,-0.5595162987358094,0.6853489664216849,0.0
202307,0.7159725194649237,12.0,-10.054040959336977,0.1488868660304696,0.0,0.0,0.0,0.0,1.0,12.0,0.0,3.320497479361192e-68,-1.0763931149563633e-16,2.3982854205013813e-19,0.08082844585398498,0.37758654109478007,1.0,12.0,8.0,0.0,0.41019631947839036,0.6841323213716914,0.0,0.008039524061436315,0.0,1.4901748708809703e-08,2.862899749586094e-10,0.0,0.0,0.0,0.0,2.0,0.6390960491047216,7.0,0.0,0.04881721734160883,0.48121123086068096,-0.36126072207349114,0.5669323301117146,-0.532332652836927,0.4955634115242221,0.0
202308,0.7538341212662653,12.0,-8.551337936139356,0.15613738445263353,0.0,0.0,0.0,0.0,1.0,12.0,0.0,3.9721136706563875e-70,-2.1324107805697376e-18,-8.616613505894288e-19,-0.21684251635425697,0.41556088257140306,1.0,11.0,7.0,0.0,0.43154933980617516,0.9288400485392467,0.0,0.5573107371176903,0.0,1.490758503255847e-08,1.29394208236783e-10,0.0,0.0,0.0,0.0,2.0,0.6295698384974653,4.0,0.0,0.16607609413550498,0.5319716984930365,-0.38301941445026966,0.4605395845131586,-0.5731663783727614,0.5588344573249157,0.0
202309,0.7835143077618165,12.0,-9.151773865023074,0.2621828220329791,0.0,0.0,0.0,0.0,1.0,12.0,0.0,8.507228229742116e-68,1.6151824706834382e-16,1.795566562562297e-17,0.10091334232469848,0.49708344412074384,1.0,10.0,6.0,0.0,0.5286352177479703,1.0608617698225906,0.0,0.4061003085933905,0.0,1.4901176350336713e-08,2.870133382803969e-10,0.0,0.0,0.0,0.0,2.0,0.6319651277585384,4.0,0.0,0.17910545744796094,0.347192995771959,-0.4572466661109829,0.5193144184858548,-0.579371033758262,0.5315543235559139,0.0
202310,0.7317260293360427,12.0,-9.302994381245473,0.2826784301339693,0.0,0.0,0.0,0.0,1.0,12.0,0.0,2.646020609893901e-69,-3.023157884375248e-17,-1.064260034813382e-17,0.01723697795176676,0.25460606315198997,1.0,9.0,5.0,0.0,0.29014341143297345,0.5652021599970471,0.0,0.5500411598089964,0.0,1.4901161193847656e-08,2.928413682253735e-10,0.0,0.0,0.0,0.0,2.0,0.7236919484380583,6.0,0.0,0.16558003203653446,0.23584396005666494,-0.4142827878370801,0.2944151941750016,-0.5719830409297654,0.5125954850790667,0.0
202311,0.731057207654437,12.0,-9.043540907424665,0.20704618316432002,0.0,0.0,0.0,0.0,1.0,12.0,0.0,8.52704137005545e-68,6.610194393464453e-17,-1.4329798319046677e-17,-0.17025326147977518,0.35412142000215396,1.0,8.0,4.0,0.0,0.27341552656784884,0.8395394970210274,0.0,1.0330679871267203,0.0,1.4901177415297216e-08,2.914977155325171e-10,0.0,0.0,0.0,0.0,2.0,0.7159236573747829,5.0,0.0,0.18896950877223037,0.28932655572914046,-0.40780721546184784,0.37619019566581163,-0.6393450953179759,0.781354379207302,0.0
202312,0.7886926947790023,12.0,-8.522502714722146,0.18191130253783744,0.0,0.0,0.0,0.0,1.0,12.0,0.0,5.3245380468699265e-68,1.5005432174557993e-16,-1.146115648670079e-17,-0.47365055462530664,0.5169390164451033,1.0,7.0,3.0,0.0,0.31345309341532485,0.7179597871189929,0.0,1.382145800936014,0.0,1.4901262483020872e-08,2.8644070102857775e-10,0.0,0.0,0.0,0.0,2.0,0.6455452391618103,5.0,0.0,0.21006642912279677,0.37042465788617046,-0.43709691635114967,0.4416256135537418,-0.6440041039041658,0.7536740907360328,0.0
202401,0.8200705340970486,12.0,-7.876698382364131,0.15568648585342326,0.0,0.0,0.0,0.0,1.0,12.0,0.0,7.441203764563485e-68,-3.096820738823426e-16,5.654589315419212e-18,0.08324305134237493,0.3569312994063054,1.0,6.0,2.0,0.0,0.32942695249815535,0.9243515994895913,0.0,1.516656932056032,0.0,0.5296426873321406,1.3799310594375882e-14,0.0,0.0,0.0,0.0,2.0,0.5820314002608624,4.0,0.0,0.2284148714599331,0.5034961528216261,-0.49035878619534456,0.5269226832696797,-0.7058167131899945,0.8886259398191287,0.0
202402,0.8650503852526296,12.0,-11.526508969744526,0.1656077906291725,0.0,0.0,0.0,0.0,1.0,12.0,0.0,7.911107639945042e-68,-3.051524721755956e-16,-3.9231026935669725e-18,0.035167855137405564,0.3519900482995018,1.0,5.0,1.0,0.0,0.28152027797717943,0.5211642685263976,0.0,3.2369759652750996,0.0,1.4901161193847656e-08,2.8320207375479545e-10,0.0,0.0,0.0,0.0,2.0,0.6129998678186989,4.0,0.0,0.11753582496010279,0.464136776786578,-0.44511915642955574,0.45291874084728306,-0.5344697356986691,0.5645747390881047,0.0
